1.069867744052410217e+02
1.072942650389671400e+02
1.077206561458110912e+02
1.080662583476305088e+02
1.083379769891500501e+02
1.085108121049404275e+02
1.085204295694828147e+02
1.083957491582632144e+02
1.080144423460960468e+02
1.067632914561033317e+02
1.039390793246030853e+02
1.004218893183767847e+02
1.002644865919649675e+02
1.005197838209569454e+02
1.008184497798234247e+02
1.011215380781143978e+02
1.014198501202464087e+02
1.017112475040555069e+02
1.020009875532984722e+02
1.022906738266348867e+02
1.025859777384996505e+02
1.028901886898279230e+02
1.032109030133485845e+02
1.035541449064016462e+02
1.039185116600990426e+02
1.042821825665235593e+02
1.046119286507368145e+02
1.048832015353441278e+02
1.050933305662870509e+02
1.052565767252445283e+02
1.053918529337644685e+02
1.055148863768577598e+02
1.056362132447958118e+02
1.057622911816835511e+02
1.058974656695127550e+02
1.060457958173751933e+02
1.062123087006807367e+02
1.064032397329807367e+02
1.066244647419452747e+02
1.068783492195606328e+02
1.071692392957210558e+02
1.074915280222892875e+02
1.076994587200880176e+02
1.077144460004568174e+02
1.074454187458753722e+02
1.063827757328748760e+02
1.036996754676103620e+02
1.004705461473762966e+02
1.001419419912993902e+02
1.004317406757175917e+02
1.007302402856200985e+02
1.009734980285912798e+02
1.012124357197433824e+02
1.014493428035080456e+02
1.016801277756691064e+02
1.019022844684124038e+02
1.021140410304069519e+02
1.023159149737656151e+02
1.025104825207591119e+02
1.027013217128813380e+02
1.028917222750186937e+02
1.030836122030019766e+02
1.032776282230019689e+02
1.034742663043737423e+02
1.036744059747457527e+02
1.038781337291002274e+02
1.040829603260755647e+02
1.042833079731464494e+02
1.044720141083002147e+02
1.046430577737093017e+02
1.047937262016534845e+02
1.049249744004011262e+02
1.050401455467939513e+02
1.051433499342203248e+02
1.052384568363428201e+02
1.053288573747873329e+02
1.054179109239578338e+02
1.055097083401680038e+02
1.056100898164510795e+02
1.057286747610569080e+02
1.058779365926981058e+02
1.060636338686943105e+02
1.062844986438751249e+02
1.065382593721151494e+02
1.068194795036315980e+02
1.071110816246271185e+02
1.074152310252189721e+02
1.077113023775816032e+02
1.078269024354219567e+02
1.076107945603132379e+02
1.067510357326269173e+02
1.046062834763527007e+02
1.014276518380641932e+02
1.002548135697841758e+02
1.004290189183503372e+02
1.007382699031382884e+02
1.009755064453184588e+02
1.012061500127613556e+02
1.014425947371125289e+02
1.016800019206106782e+02
1.019153097380697801e+02
1.021466167576611070e+02
1.023746432849764858e+02
1.026028337316215158e+02
1.028359177857637405e+02
1.030779767471551907e+02
1.033305919837951734e+02
1.035922901654243589e+02
1.038590497612953243e+02
1.041241675722599069e+02
1.043779600477218708e+02
1.046101417356729542e+02
9.583778096437454508e+01
9.561707142889498812e+01
9.534364084720611743e+01
9.512738593682647092e+01
9.493630213737488077e+01
9.474632630020379054e+01
9.457749669313430729e+01
9.452506629839538732e+01
9.465155330061912764e+01
9.529151853740215472e+01
9.678662707686423516e+01
9.876985912621020702e+01
9.891283827960491237e+01
9.882653775632381610e+01
9.868450525879859470e+01
9.853499886631965410e+01
9.839766853034495853e+01
9.826937022864818516e+01
9.815306127667426495e+01
9.803811550915240502e+01
9.792103611052036172e+01
9.779225492060184877e+01
9.764632220089436032e+01
9.747578317701815820e+01
9.728221435904502812e+01
9.708035546004772698e+01
9.689456834077834912e+01
9.674448795616626740e+01
9.663517188549042203e+01
9.655878519237040791e+01
9.650257595360278629e+01
9.645450833022594850e+01
9.640547792971133845e+01
9.634915921628474678e+01
9.628080091476439861e+01
9.619592281222342933e+01
9.608916477441788118e+01
9.595343194365500494e+01
9.578144200563430388e+01
9.558028344452381475e+01
9.534197098374366419e+01
9.504145329713820445e+01
9.483965082257985557e+01
9.477633866548538322e+01
9.487440649613738231e+01
9.542672761440276474e+01
9.688272670686244226e+01
9.874349560379981483e+01
9.896714483380317517e+01
9.883685611784457592e+01
9.866495166003704753e+01
9.852727752864360866e+01
9.840562268912792376e+01
9.829348914563655626e+01
9.818939974009990124e+01
9.809222973287106129e+01
9.800137213945389192e+01
9.791569772124290694e+01
9.783334128499031124e+01
9.775207209706306344e+01
9.766988062262535664e+01
9.758543179571628912e+01
9.749789780795573790e+01
9.740623302638530845e+01
9.730906414389610859e+01
9.720573956131934779e+01
9.709779004931449720e+01
9.698937452018260785e+01
9.688622464716434024e+01
9.679365857422351382e+01
9.671487543582915691e+01
9.665047809243202437e+01
9.659921733319758630e+01
9.655910724282264823e+01
9.652816790461540108e+01
9.650448088765143950e+01
9.648579183876513810e+01
9.646873628675938050e+01
9.644791435658930823e+01
9.641550310909747168e+01
9.636405864238739127e+01
9.629154555261135329e+01
9.619795971572398230e+01
9.608073897480964831e+01
9.593495547056197381e+01
9.575387913584708599e+01
9.553246251404284806e+01
9.530284803986549491e+01
9.517082206979394243e+01
9.521407936915754533e+01
9.561490180611609446e+01
9.672812974274158648e+01
9.849898920178412709e+01
9.918421621143818356e+01
9.913471566975117355e+01
9.895187311887741544e+01
9.879699796915053867e+01
9.865857963502406847e+01
9.852663830161094438e+01
9.840013620913028092e+01
9.827862421154975436e+01
9.816155231118202096e+01
9.804732262790203379e+01
9.793308732092380353e+01
9.781536569595337482e+01
9.769100885689258007e+01
9.755819322586059172e+01
9.741685806691646121e+01
9.726868149161339261e+01
9.711766119956969590e+01
9.697066035211085477e+01
9.683589817166328828e+01
8.996957414448262114e+01
9.079274911820888860e+01
9.161906210064888967e+01
9.234002231299878360e+01
9.289229498207569691e+01
9.316171923041343916e+01
9.306751271545887505e+01
9.280831921875477519e+01
9.212640041232108956e+01
9.014353908360004652e+01
8.578531718730927480e+01
8.003814126119017658e+01
7.965016713932156733e+01
7.980306646332144282e+01
8.004267089545726321e+01
8.031894847050308783e+01
8.060876555934548549e+01
8.090079250499607610e+01
8.120778733059765386e+01
8.153296634450555302e+01
8.189774600446224895e+01
8.231089918300510533e+01
8.279595462128520467e+01
8.336557879209519228e+01
8.401722725823522353e+01
8.470785117790103413e+01
8.537862523496151823e+01
8.598309726357460647e+01
8.650838667154312134e+01
8.696777127116919814e+01
8.738309967398643607e+01
8.777296141952277253e+01
8.814945982545614811e+01
8.851925758898258323e+01
8.888590349078178576e+01
8.925217475891113850e+01
8.962152139604091872e+01
8.999737051725388426e+01
9.037818383574486347e+01
9.075844544291496163e+01
9.113881426036358846e+01
9.140474032163621132e+01
9.143714914560318618e+01
9.125632636249065399e+01
9.071324968516827880e+01
8.910052401304245961e+01
8.507226282954216856e+01
7.984582680106163366e+01
7.929562696442008018e+01
7.950479722931980575e+01
7.971042835041880892e+01
7.985513813421130180e+01
8.000206560477614914e+01
8.014632064834236758e+01
8.028717086210846787e+01
8.042769251853228241e+01
8.057056406766176337e+01
8.072046993613243160e+01
8.088407974764704989e+01
8.106862567871809233e+01
8.128013800635935127e+01
8.152210106462240446e+01
8.179577216506005755e+01
8.210199724495411999e+01
8.244191767215730238e+01
8.281501486212016516e+01
8.321640592873097830e+01
8.363615404516458796e+01
8.406152979776264544e+01
8.448092315658927021e+01
8.488703237891198228e+01
8.527758135437966303e+01
8.565397736847401688e+01
8.601949455082417728e+01
8.637818279981614467e+01
8.673424680620432525e+01
8.709212676197290648e+01
8.745801195263862837e+01
8.784258244931697845e+01
8.826070614933968272e+01
8.872200186252594278e+01
8.922279432415962219e+01
8.975409834921360641e+01
9.030636619985104119e+01
9.086117336809635958e+01
9.136985963821412327e+01
9.179169955968856698e+01
9.203654374361038037e+01
9.192158541440964825e+01
9.137162077784539349e+01
9.000020135045052427e+01
8.684043135941028879e+01
8.186563230991365003e+01
8.001520548924803222e+01
8.019211208567023164e+01
8.045253097176551194e+01
8.060406396701931442e+01
8.075557919427753006e+01
8.091329183816910131e+01
8.107280958995224296e+01
8.123698044851423106e+01
8.140987840443850132e+01
8.159826252371072997e+01
8.181146793052555211e+01
8.205946578308940786e+01
8.235028540849685896e+01
8.268747197359800793e+01
8.306939202740788630e+01
8.348989121809601954e+01
8.393777781650425140e+01
8.439631527423858870e+01
8.484701584130526442e+01
8.132521309107541185e+01
8.218835020065307617e+01
8.358949041962623028e+01
8.471453750431537344e+01
8.557230979800223736e+01
8.601097899675369263e+01
8.583309967517853067e+01
8.525625830292702290e+01
8.387448477149008852e+01
7.993128682076930147e+01
7.130276582390069962e+01
6.036726263165473227e+01
5.968738131374120570e+01
6.049200528413057043e+01
6.134343769401311164e+01
6.216484759449958375e+01
6.295687046311795143e+01
6.371827257350086882e+01
6.448245809487998770e+01
6.525535286329686357e+01
6.606007362827658369e+01
6.691059247851372049e+01
6.784059101790190027e+01
6.887880785167216402e+01
7.003112834990024282e+01
7.123034793138504028e+01
7.236873518824576479e+01
7.336135950386524485e+01
7.418773409277200415e+01
7.487902357578276735e+01
7.548307102620601938e+01
7.604127733558415514e+01
7.658220694363116365e+01
7.712395364046096802e+01
7.767887864559888556e+01
7.825795373916625408e+01
7.887342359870672226e+01
7.953756527453660397e+01
8.025332986861467077e+01
8.100597870498894792e+01
8.177975401282310486e+01
8.242642734050750164e+01
8.264472342133521465e+01
8.235900391936301901e+01
8.130274379700422571e+01
7.797615522742270855e+01
6.984095643907785700e+01
6.007194783985614350e+01
5.916490418612956859e+01
6.005482911765574983e+01
6.079744498431681876e+01
6.135503621101378968e+01
6.193017866015433981e+01
6.250018581636249593e+01
6.305073110908269740e+01
6.357843093611299423e+01
6.408159802854061127e+01
6.456504039056598288e+01
6.503906357064842325e+01
6.551631917208432299e+01
6.600813280940054995e+01
6.652160253673791601e+01
6.705997858047484783e+01
6.762581126764416695e+01
6.822223104536533356e+01
6.884937905892729759e+01
6.949942368716001795e+01
7.015520282834768295e+01
7.079460264146327120e+01
7.139830046594143198e+01
7.195627369135617357e+01
7.246916070878505423e+01
7.294492392539977743e+01
7.339442505389452265e+01
7.382844681739807413e+01
7.425665572583675100e+01
7.468873771280050278e+01
7.513679760545491604e+01
7.561941090077161221e+01
7.616891540884971334e+01
7.682473469227552698e+01
7.759758025407791138e+01
7.847357064932585047e+01
7.943633302450179201e+01
8.045507439821957973e+01
8.145233190506696985e+01
8.236805275678634075e+01
8.303167387843132019e+01
8.304974565505980877e+01
8.218208283185958862e+01
7.962956092506647110e+01
7.345939979851245027e+01
6.419641518890857412e+01
6.048155729547142556e+01
6.095429430529474502e+01
6.162926596850156358e+01
6.203477185145020201e+01
6.247267640531062938e+01
6.295295335762202171e+01
6.345387151353060773e+01
6.396906347237526802e+01
6.449520875886082649e+01
6.503597358949481588e+01
6.560209148079157160e+01
6.620761253982782080e+01
6.686485234051941973e+01
6.757924821376799684e+01
6.834756158739328669e+01
6.915836746245622635e+01
6.999048109650611593e+01
7.081160223186016367e+01
7.158605218827723604e+01
1.699253347170352981e+02
1.731002304446697053e+02
1.756720694822072915e+02
1.777629391068220173e+02
1.792523183441161905e+02
1.794802153980731987e+02
1.776662379831075498e+02
1.761540087980031899e+02
1.740208249014615944e+02
1.677224021530151390e+02
1.510960499882698116e+02
1.231746773488819571e+02
1.226356658756732827e+02
1.254089916926622266e+02
1.275814671979844519e+02
1.294776453875005302e+02
1.311750311395526012e+02
1.327700680415332215e+02
1.342818860721588123e+02
1.357950881722569534e+02
1.373297802476584764e+02
1.389591944834589867e+02
1.407279358693957363e+02
1.427049849821626992e+02
1.448915270912647202e+02
1.471490392827987534e+02
1.492406047073006619e+02
1.509982343798875775e+02
1.524135274958610466e+02
1.535927305895090171e+02
1.546655214822292237e+02
1.557338423877954483e+02
1.568626587259769281e+02
1.580911702358722550e+02
1.594471848160028458e+02
1.609581368619203374e+02
1.626575271803140481e+02
1.645846037042140892e+02
1.667610476785898186e+02
1.691236708348989453e+02
1.717319143635034493e+02
1.744901675283908844e+02
1.759694380885362648e+02
1.760473556274175451e+02
1.745459821254014798e+02
1.690410845088958638e+02
1.528481885647773595e+02
1.264976639918982926e+02
1.245342085799574789e+02
1.274516583493351902e+02
1.296846774812042611e+02
1.312636989372968515e+02
1.327263350607454697e+02
1.341272784335911297e+02
1.354640033926069691e+02
1.367371168801188333e+02
1.379442182359099434e+02
1.390933889798820076e+02
1.402033539605140504e+02
1.412971197558939309e+02
1.423947757051884935e+02
1.435086022245884010e+02
1.446462470886111191e+02
1.458198024559021064e+02
1.470474163538217454e+02
1.483408691865205640e+02
1.496895552769303208e+02
1.510559767341613622e+02
1.523877316939830848e+02
1.536377979397773572e+02
1.547807471483945676e+02
1.558151455503702039e+02
1.567548910707235166e+02
1.576187672942876645e+02
1.584261662542819806e+02
1.591968534868955487e+02
1.599554801881313324e+02
1.607349989587068535e+02
1.615776638281345186e+02
1.625514824581146058e+02
1.637615176194906041e+02
1.652782890826463529e+02
1.671157730877399388e+02
1.692787287855148293e+02
1.717460592824220669e+02
1.743530738657712789e+02
1.772245887941122078e+02
1.800407590162753877e+02
1.810258249050378652e+02
1.796397734570503246e+02
1.747693248528242123e+02
1.622001908665895371e+02
1.382804928995668945e+02
1.285413125999271813e+02
1.308518170313537041e+02
1.334760955846309685e+02
1.352384949503839096e+02
1.368488861377537091e+02
1.384294603420794090e+02
1.399664883171021756e+02
1.414575392813980557e+02
1.429021177411079293e+02
1.443134484122693380e+02
1.457200952357053723e+02
1.471569310390949283e+02
1.486530935722589390e+02
1.502210289180278835e+02
1.518543604168295929e+02
1.535313917630910794e+02
1.552114924603700672e+02
1.568303085494041511e+02
1.583161093872785443e+02
