77 
109 
88 
89 
42 
98 
43 
61 
74 
46 
4 
44 
10 
62 
17 
69 
8 
17 
28 
101 
46 
76 
29 
94 
34 
97 
74 
92 
66 
4 
13 
73 
30 
61 
23 
32 
51 
47 
90 
75 
16 
86 
34 
75 
82 
11 
49 
58 
56 
11 
101 
111 
59 
20 
25 
10 
22 
94 
62 
109 
82 
85 
15 
107 
66 
20 
106 
70 
37 
108 
38 
52 
88 
66 
103 
19 
13 
57 
58 
38 
65 
92 
98 
94 
71 
20 
79 
101 
96 
36 
74 
65 
45 
78 
68 
75 
41 
86 
98 
25 
62 
47 
83 
105 
64 
82 
17 
33 
100 
106 
21 
46 
73 
110 
111 
57 
47 
17 
52 
23 
60 
51 
26 
75 
35 
44 
60 
61 
8 
104 
81 
111 
19 
110 
102 
48 
109 
27 
104 
39 
90 
81 
46 
68 
68 
40 
62 
104 
24 
92 
102 
82 
102 
111 
59 
26 
4 
40 
57 
84 
55 
66 
31 
17 
7 
112 
87 
47 
69 
70 
42 
37 
87 
99 
78 
66 
35 
96 
33 
16 
8 
64 
98 
106 
42 
16 
52 
68 
45 
54 
35 
67 
107 
2 
74 
54 
84 
56 
110 
104 
