20 
16 
38 
68 
73 
13 
46 
8 
38 
42 
57 
64 
92 
66 
76 
92 
47 
69 
4 
93 
30 
40 
104 
97 
69 
102 
5 
72 
100 
14 
31 
71 
95 
85 
105 
92 
7 
78 
8 
12 
33 
6 
17 
52 
20 
5 
81 
97 
24 
35 
109 
100 
15 
67 
93 
77 
15 
2 
112 
62 
3 
48 
30 
49 
72 
16 
27 
55 
48 
111 
61 
110 
40 
107 
18 
67 
27 
59 
102 
58 
18 
6 
8 
99 
17 
106 
54 
25 
18 
1 
41 
72 
47 
86 
18 
56 
55 
39 
36 
55 
43 
38 
43 
54 
23 
3 
12 
110 
56 
16 
30 
1 
92 
78 
89 
21 
96 
38 
101 
31 
102 
105 
89 
30 
55 
91 
77 
104 
76 
16 
23 
37 
23 
111 
79 
3 
109 
65 
109 
21 
31 
72 
109 
23 
8 
63 
70 
82 
88 
24 
91 
104 
17 
13 
77 
13 
43 
108 
6 
100 
74 
78 
85 
84 
109 
7 
54 
42 
91 
71 
74 
109 
65 
6 
9 
18 
24 
43 
24 
71 
89 
81 
13 
79 
46 
81 
95 
109 
6 
12 
8 
23 
15 
66 
42 
110 
75 
8 
72 
79 
