94 
67 
19 
88 
110 
50 
41 
17 
15 
14 
28 
19 
21 
92 
66 
65 
12 
4 
13 
57 
43 
57 
88 
67 
108 
32 
112 
25 
32 
19 
26 
97 
97 
74 
112 
93 
13 
79 
83 
103 
112 
19 
55 
80 
55 
47 
6 
50 
91 
39 
3 
94 
93 
96 
69 
85 
108 
91 
22 
81 
98 
86 
6 
9 
38 
5 
9 
84 
3 
92 
86 
14 
111 
55 
80 
68 
85 
49 
98 
7 
103 
64 
66 
41 
38 
45 
92 
84 
94 
51 
58 
86 
108 
20 
103 
72 
97 
50 
4 
105 
91 
11 
18 
7 
25 
78 
72 
40 
27 
97 
1 
92 
54 
81 
98 
77 
31 
57 
110 
88 
97 
94 
87 
76 
35 
18 
97 
85 
101 
57 
29 
19 
21 
65 
112 
103 
90 
46 
80 
90 
28 
28 
34 
60 
25 
21 
20 
37 
30 
108 
68 
84 
70 
22 
7 
77 
49 
98 
54 
79 
100 
93 
9 
95 
8 
75 
21 
23 
112 
15 
23 
65 
71 
38 
70 
69 
18 
20 
8 
100 
58 
108 
36 
9 
89 
30 
67 
15 
10 
74 
78 
21 
15 
46 
4 
91 
75 
30 
20 
19 
