19 
73 
88 
48 
9 
66 
31 
22 
82 
108 
70 
17 
4 
11 
2 
105 
86 
99 
71 
82 
19 
68 
29 
30 
89 
32 
49 
1 
32 
19 
29 
21 
69 
73 
39 
30 
34 
8 
65 
46 
110 
99 
67 
22 
35 
81 
43 
76 
91 
60 
33 
2 
66 
63 
54 
110 
67 
34 
100 
110 
41 
60 
44 
21 
13 
47 
43 
52 
81 
12 
30 
98 
34 
10 
26 
39 
58 
62 
48 
59 
29 
96 
74 
49 
29 
70 
9 
80 
29 
109 
3 
14 
92 
26 
54 
38 
37 
28 
2 
28 
69 
102 
77 
43 
112 
78 
72 
47 
85 
100 
87 
38 
37 
10 
46 
98 
23 
9 
41 
49 
90 
92 
3 
7 
52 
109 
81 
24 
42 
59 
109 
107 
23 
59 
6 
1 
50 
84 
60 
5 
34 
41 
89 
31 
90 
2 
110 
16 
106 
93 
54 
88 
6 
98 
5 
56 
22 
14 
9 
88 
34 
27 
35 
92 
57 
9 
58 
55 
58 
66 
9 
31 
24 
66 
39 
99 
108 
2 
12 
15 
73 
59 
74 
60 
50 
26 
57 
6 
56 
34 
47 
20 
83 
49 
49 
84 
55 
24 
70 
106 
