57 
48 
59 
69 
53 
5 
95 
112 
42 
110 
70 
21 
40 
46 
92 
106 
44 
64 
103 
61 
106 
15 
16 
30 
21 
42 
71 
47 
81 
2 
89 
2 
5 
7 
69 
38 
40 
99 
70 
44 
27 
60 
61 
13 
29 
61 
32 
8 
8 
54 
31 
41 
54 
77 
30 
76 
38 
47 
12 
90 
21 
67 
47 
63 
9 
100 
18 
49 
63 
102 
85 
55 
84 
104 
77 
59 
67 
3 
14 
23 
78 
79 
92 
80 
88 
71 
62 
80 
66 
13 
29 
26 
47 
66 
67 
76 
36 
97 
1 
57 
31 
16 
60 
111 
59 
86 
47 
48 
95 
86 
10 
57 
2 
31 
112 
1 
112 
74 
54 
15 
36 
23 
74 
94 
100 
17 
68 
101 
18 
76 
110 
106 
51 
62 
56 
12 
12 
100 
68 
5 
31 
36 
109 
37 
76 
74 
82 
19 
99 
56 
30 
3 
58 
17 
95 
61 
17 
19 
15 
107 
81 
95 
66 
17 
26 
7 
37 
40 
62 
56 
18 
99 
77 
65 
11 
110 
38 
46 
42 
64 
33 
42 
63 
11 
10 
42 
20 
37 
53 
89 
98 
46 
14 
17 
105 
110 
27 
64 
24 
86 
