1.000000000000000000e+00
1.000000000000000000e+00
1.000000000000000000e+00
3.989547491073608398e-03
8.628159761428833008e-03
6.332874298095703125e-03
8.181601762771606445e-03
1.016560196876525879e-02
1.141738891601562500e-02
1.248866319656372070e-02
1.391273736953735352e-02
1.573991775512695312e-02
9.969609975814819336e-01
1.000000000000000000e+00
1.000000000000000000e+00
9.993182420730590820e-01
6.735652685165405273e-03
4.426330327987670898e-03
4.453361034393310547e-03
4.688709974288940430e-03
4.916429519653320312e-03
5.207359790802001953e-03
5.545586347579956055e-03
6.003677845001220703e-03
6.526499986648559570e-03
6.909031867980957031e-01
9.999994635581970215e-01
1.000000000000000000e+00
1.000000000000000000e+00
1.000000000000000000e+00
4.806250333786010742e-03
4.194587469100952148e-03
3.719866275787353516e-03
3.685712814331054688e-03
3.895610570907592773e-03
3.994166851043701172e-03
4.119962453842163086e-03
4.293054342269897461e-03
4.582226276397705078e-03
5.001842975616455078e-03
2.721360921859741211e-01
9.999996423721313477e-01
1.000000000000000000e+00
1.000000000000000000e+00
1.000000000000000000e+00
4.477769136428833008e-03
4.849284887313842773e-03
4.322469234466552734e-03
4.678219556808471680e-03
5.087703466415405273e-03
5.289316177368164062e-03
5.520880222320556641e-03
5.821883678436279297e-03
6.283491849899291992e-03
8.221268653869628906e-03
9.998660087585449219e-01
1.000000000000000000e+00
1.000000000000000000e+00
1.000000000000000000e+00
7.053881883621215820e-03
4.080027341842651367e-03
4.448145627975463867e-03
4.457682371139526367e-03
4.792541265487670898e-03
4.932790994644165039e-03
5.067408084869384766e-03
5.227267742156982422e-03
5.464106798171997070e-03
5.868107080459594727e-03
8.994892239570617676e-02
9.999974966049194336e-01
1.000000000000000000e+00
1.000000000000000000e+00
1.000000000000000000e+00
5.098938941955566406e-03
4.766911268234252930e-03
4.426091909408569336e-03
4.637748003005981445e-03
4.974782466888427734e-03
5.084693431854248047e-03
5.204170942306518555e-03
5.369216203689575195e-03
5.646318197250366211e-03
6.112307310104370117e-03
6.834409236907958984e-01
1.000000000000000000e+00
1.000000000000000000e+00
1.000000000000000000e+00
1.000000000000000000e+00
4.059493541717529297e-03
4.915803670883178711e-03
4.395961761474609375e-03
4.804670810699462891e-03
5.075693130493164062e-03
5.219161510467529297e-03
5.391478538513183594e-03
5.601018667221069336e-03
5.963206291198730469e-03
6.902396678924560547e-03
9.981119036674499512e-01
1.000000000000000000e+00
1.000000000000000000e+00
1.000000000000000000e+00
1.068173348903656006e-01
3.924369812011718750e-03
4.787206649780273438e-03
4.512488842010498047e-03
4.944622516632080078e-03
5.112916231155395508e-03
5.235284566879272461e-03
5.390465259552001953e-03
5.590319633483886719e-03
