1.000000000000000000e+00
1.699349284172058105e-02
1.548510789871215820e-02
1.520341634750366211e-02
1.639792323112487793e-02
1.140657067298889160e-02
9.497970342636108398e-03
6.837040185928344727e-03
5.754947662353515625e-03
5.562156438827514648e-03
5.689173936843872070e-03
5.600690841674804688e-03
5.406707525253295898e-03
4.948884248733520508e-03
4.619538784027099609e-03
5.043804645538330078e-03
3.318580985069274902e-02
1.000000000000000000e+00
1.000000000000000000e+00
1.000000000000000000e+00
1.000000000000000000e+00
9.985222220420837402e-01
9.999964237213134766e-01
1.000000000000000000e+00
2.900943160057067871e-02
8.171528577804565430e-03
1.282107830047607422e-02
1.024928689002990723e-02
9.556740522384643555e-03
1.066824793815612793e-02
9.917736053466796875e-03
9.967356920242309570e-03
1.057612895965576172e-02
1.003038883209228516e-02
1.076388359069824219e-02
9.749561548233032227e-03
1.105254888534545898e-02
