4.497557878494262695e-03
6.302744150161743164e-03
7.404267787933349609e-03
8.269429206848144531e-03
7.342308759689331055e-03
1.299992203712463379e-02
5.539321899414062500e-02
9.843260049819946289e-01
9.999948143959045410e-01
1.000000000000000000e+00
1.000000000000000000e+00
1.000000000000000000e+00
1.000000000000000000e+00
1.000000000000000000e+00
9.999980926513671875e-01
7.285773754119873047e-03
6.093055009841918945e-03
6.602823734283447266e-03
6.212234497070312500e-03
6.309181451797485352e-03
6.644934415817260742e-03
7.026821374893188477e-03
7.465451955795288086e-03
7.950395345687866211e-03
8.444607257843017578e-03
9.051769971847534180e-03
9.698003530502319336e-03
1.026856899261474609e-02
1.081880927085876465e-02
1.131919026374816895e-02
2.163568139076232910e-02
8.155653476715087891e-01
9.999536871910095215e-01
1.000000000000000000e+00
1.000000000000000000e+00
1.000000000000000000e+00
1.000000000000000000e+00
1.000000000000000000e+00
1.000000000000000000e+00
1.000000000000000000e+00
9.999816417694091797e-01
1.339969038963317871e-02
1.291182637214660645e-02
1.230815052986145020e-02
1.183223724365234375e-02
1.169863343238830566e-02
1.157957315444946289e-02
1.139709353446960449e-02
1.120400428771972656e-02
1.103699207305908203e-02
1.092335581779479980e-02
1.084250211715698242e-02
1.078346371650695801e-02
1.075989007949829102e-02
1.081034541130065918e-02
1.092132925987243652e-02
1.107299327850341797e-02
1.128327846527099609e-02
1.146784424781799316e-02
1.154839992523193359e-02
1.153677701950073242e-02
1.140576601028442383e-02
1.116803288459777832e-02
1.085558533668518066e-02
1.050066947937011719e-02
1.013481616973876953e-02
9.772181510925292969e-03
9.433478116989135742e-03
9.166568517684936523e-03
8.985847234725952148e-03
8.911579847335815430e-03
8.986264467239379883e-03
9.469270706176757812e-03
1.840361952781677246e-02
9.885407686233520508e-01
1.000000000000000000e+00
1.000000000000000000e+00
1.000000000000000000e+00
1.000000000000000000e+00
2.880606055259704590e-02
1.185786724090576172e-02
1.170963048934936523e-02
1.095443964004516602e-02
1.081445813179016113e-02
1.113572716712951660e-02
1.141238212585449219e-02
1.156711578369140625e-02
1.165395975112915039e-02
1.169347763061523438e-02
1.169672608375549316e-02
1.167079806327819824e-02
1.161971688270568848e-02
1.154679059982299805e-02
1.145896315574645996e-02
1.136001944541931152e-02
1.124909520149230957e-02
1.113379001617431641e-02
1.103657484054565430e-02
1.094979047775268555e-02
1.087900996208190918e-02
1.082196831703186035e-02
1.076659560203552246e-02
1.076605916023254395e-02
1.073971390724182129e-02
1.067143678665161133e-02
1.054969429969787598e-02
1.038950681686401367e-02
1.014730334281921387e-02
9.775966405868530273e-03
9.343713521957397461e-03
8.966475725173950195e-03
8.753776550292968750e-03
