6.145715713500976562e-03
5.416512489318847656e-03
5.135267972946166992e-03
5.195885896682739258e-03
5.458056926727294922e-03
5.843728780746459961e-03
5.914449691772460938e-03
5.792647600173950195e-03
1.285016536712646484e-02
9.946254491806030273e-01
1.000000000000000000e+00
1.000000000000000000e+00
1.000000000000000000e+00
1.000000000000000000e+00
9.999525547027587891e-01
3.852737545967102051e-01
1.020857691764831543e-02
9.960740804672241211e-03
1.357707381248474121e-02
9.669929742813110352e-03
9.982883930206298828e-03
1.131346821784973145e-02
8.848249912261962891e-03
1.003807783126831055e-02
1.091706752777099609e-02
8.324801921844482422e-03
1.052218675613403320e-02
1.103761792182922363e-02
9.570032358169555664e-03
1.031547784805297852e-02
9.956449270248413086e-03
1.176625490188598633e-02
9.772419929504394531e-03
1.106151938438415527e-02
9.787499904632568359e-03
1.156929135322570801e-02
8.981406688690185547e-03
1.120826601982116699e-02
8.617162704467773438e-03
1.130816340446472168e-02
8.124232292175292969e-03
1.997566223144531250e-02
8.353412151336669922e-03
7.507789134979248047e-01
1.515415906906127930e-01
4.457845091819763184e-01
9.998637437820434570e-01
9.999983310699462891e-01
1.000000000000000000e+00
9.951795339584350586e-01
8.838117122650146484e-03
1.029986143112182617e-02
1.136255264282226562e-02
1.209387183189392090e-02
1.024919748306274414e-02
1.248940825462341309e-02
1.140439510345458984e-02
1.280695199966430664e-02
1.225572824478149414e-02
1.287925243377685547e-02
1.277735829353332520e-02
1.297551393508911133e-02
1.303133368492126465e-02
1.309368014335632324e-02
1.314067840576171875e-02
1.317045092582702637e-02
1.316955685615539551e-02
1.316347718238830566e-02
1.317581534385681152e-02
1.313507556915283203e-02
1.303714513778686523e-02
1.290985941886901855e-02
1.270616054534912109e-02
1.243159174919128418e-02
1.208099722862243652e-02
1.163896918296813965e-02
1.114735007286071777e-02
1.065692305564880371e-02
9.880542755126953125e-03
7.666230201721191406e-03
7.598072290420532227e-03
8.127778768539428711e-03
1.157346367835998535e-02
7.896047830581665039e-02
9.999996423721313477e-01
9.999982118606567383e-01
9.999990463256835938e-01
9.992271065711975098e-01
9.287506341934204102e-03
1.027375459671020508e-02
1.275390386581420898e-02
1.197808980941772461e-02
1.169109344482421875e-02
1.202797889709472656e-02
1.263722777366638184e-02
1.277476549148559570e-02
1.052200794219970703e-02
1.341617107391357422e-02
1.001125574111938477e-02
1.292097568511962891e-02
9.806245565414428711e-03
1.400399208068847656e-02
9.426027536392211914e-03
