5.872309207916259766e-03
6.138026714324951172e-03
6.156593561172485352e-03
5.496948957443237305e-03
4.498541355133056641e-03
1.447638571262359619e-01
1.000000000000000000e+00
1.000000000000000000e+00
1.000000000000000000e+00
1.000000000000000000e+00
7.593929767608642578e-03
2.982527017593383789e-03
1.979082822799682617e-03
1.813948154449462891e-03
2.718031406402587891e-03
6.490081548690795898e-03
8.561939001083374023e-03
1.051288843154907227e-02
1.000000000000000000e+00
1.000000000000000000e+00
1.000000000000000000e+00
1.000000000000000000e+00
1.000000000000000000e+00
5.533665418624877930e-03
2.638757228851318359e-03
3.414720296859741211e-03
3.782421350479125977e-03
4.369169473648071289e-03
4.893749952316284180e-03
5.468904972076416016e-03
6.220608949661254883e-03
1.428465843200683594e-01
1.000000000000000000e+00
1.000000000000000000e+00
1.000000000000000000e+00
1.000000000000000000e+00
1.000000000000000000e+00
