8.840888738632202148e-03
1.139780879020690918e-02
1.324459910392761230e-02
1.521992683410644531e-02
1.312711834907531738e-02
1.094564795494079590e-02
9.382575750350952148e-03
8.983731269836425781e-03
7.677137851715087891e-03
7.667213678359985352e-03
6.882399320602416992e-03
5.521208047866821289e-03
7.650405168533325195e-03
1.831774115562438965e-01
9.999982118606567383e-01
1.000000000000000000e+00
1.000000000000000000e+00
1.000000000000000000e+00
1.000000000000000000e+00
9.997696876525878906e-01
1.060384511947631836e-02
9.666353464126586914e-03
1.127099990844726562e-02
1.040345430374145508e-02
1.054909825325012207e-02
9.290307760238647461e-03
1.000067591667175293e-02
1.013815402984619141e-02
1.000639796257019043e-02
9.871274232864379883e-03
1.048359274864196777e-02
1.072448492050170898e-02
1.015836000442504883e-02
1.000836491584777832e-02
1.107197999954223633e-02
1.106536388397216797e-02
9.943962097167968750e-03
9.892463684082031250e-03
1.114925742149353027e-02
9.744614362716674805e-03
1.101931929588317871e-02
9.446829557418823242e-03
9.136527776718139648e-03
1.078069210052490234e-02
1.105782389640808105e-02
8.162975311279296875e-03
8.023262023925781250e-03
8.057594299316406250e-01
2.009314298629760742e-02
2.564632892608642578e-02
1.000000000000000000e+00
9.997285008430480957e-01
9.999681711196899414e-01
3.015643358230590820e-01
8.531898260116577148e-03
9.123265743255615234e-03
