8.921653032302856445e-03
8.108675479888916016e-03
7.030993700027465820e-03
6.259411573410034180e-03
5.907744169235229492e-03
6.081223487854003906e-03
6.783127784729003906e-03
7.584542036056518555e-03
7.659047842025756836e-03
6.864637136459350586e-03
6.261020898818969727e-03
9.573072195053100586e-03
7.336357831954956055e-01
1.000000000000000000e+00
1.000000000000000000e+00
1.000000000000000000e+00
1.000000000000000000e+00
1.000000000000000000e+00
9.993724822998046875e-01
1.043263077735900879e-02
9.600520133972167969e-03
1.341322064399719238e-02
9.363859891891479492e-03
9.383350610733032227e-03
1.082617044448852539e-02
8.645236492156982422e-03
9.979814291000366211e-03
1.085233688354492188e-02
9.478062391281127930e-03
1.018437743186950684e-02
1.074203848838806152e-02
1.149073243141174316e-02
9.569257497787475586e-03
1.072683930397033691e-02
1.031062006950378418e-02
1.144152879714965820e-02
9.833514690399169922e-03
