6.935030221939086914e-03
6.775110960006713867e-03
6.240218877792358398e-03
5.070239305496215820e-03
3.871560096740722656e-03
9.807704687118530273e-01
1.000000000000000000e+00
1.000000000000000000e+00
1.000000000000000000e+00
1.334488391876220703e-02
4.941552877426147461e-03
2.557128667831420898e-03
2.014786005020141602e-03
2.239197492599487305e-03
4.052221775054931641e-03
8.516520261764526367e-03
1.045140624046325684e-02
9.997481107711791992e-01
1.000000000000000000e+00
1.000000000000000000e+00
1.000000000000000000e+00
1.000000000000000000e+00
5.758643150329589844e-03
3.080219030380249023e-03
3.950148820877075195e-03
4.275619983673095703e-03
4.630267620086669922e-03
4.965007305145263672e-03
5.299955606460571289e-03
5.734056234359741211e-03
1.457777619361877441e-02
9.999983906745910645e-01
1.000000000000000000e+00
1.000000000000000000e+00
1.000000000000000000e+00
1.000000000000000000e+00
