3.929197788238525391e-03
3.903478384017944336e-03
4.035711288452148438e-03
3.833591938018798828e-03
3.481328487396240234e-03
4.158155620098114014e-01
1.000000000000000000e+00
1.000000000000000000e+00
1.000000000000000000e+00
1.000000000000000000e+00
6.921797990798950195e-03
2.972602844238281250e-03
1.922100782394409180e-03
1.704961061477661133e-03
2.280652523040771484e-03
4.977911710739135742e-03
7.227152585983276367e-03
9.502589702606201172e-03
1.000000000000000000e+00
1.000000000000000000e+00
1.000000000000000000e+00
1.000000000000000000e+00
9.999996423721313477e-01
4.186153411865234375e-03
2.471417188644409180e-03
3.037929534912109375e-03
3.330141305923461914e-03
3.882676362991333008e-03
4.408121109008789062e-03
5.054652690887451172e-03
5.920976400375366211e-03
9.366278052330017090e-01
1.000000000000000000e+00
1.000000000000000000e+00
1.000000000000000000e+00
1.000000000000000000e+00
1.000000000000000000e+00
3.859966993331909180e-03
3.803879022598266602e-03
3.851592540740966797e-03
4.534721374511718750e-03
5.216360092163085938e-03
5.625844001770019531e-03
6.034821271896362305e-03
6.496042013168334961e-03
7.640272378921508789e-03
9.999146461486816406e-01
1.000000000000000000e+00
1.000000000000000000e+00
1.000000000000000000e+00
1.000000000000000000e+00
7.598906755447387695e-03
5.235880613327026367e-03
5.806237459182739258e-03
6.433606147766113281e-03
7.410675287246704102e-03
