1.045785532498359771e+02
1.055711742013692884e+02
1.062497503376007160e+02
1.066087297821045041e+02
1.068861622756719640e+02
1.071274502331018539e+02
1.074037333476543523e+02
1.077018656778335668e+02
1.080082548773288806e+02
1.083135102474689546e+02
1.086123636931180982e+02
1.088144678038358819e+02
1.088417762458324489e+02
1.086145471245050516e+02
1.077517820292711406e+02
1.059657481127977405e+02
1.020515093696117503e+02
1.005127022467553672e+02
1.006393752010911697e+02
1.009806507910788156e+02
1.013932035106420528e+02
1.018713382159173477e+02
1.024016596849262726e+02
1.029817305085063026e+02
1.036003244802355852e+02
1.042238603281974889e+02
1.048104952138662469e+02
1.053229109257459726e+02
1.057394202238321412e+02
1.060806037306785612e+02
1.063969336980581346e+02
1.067261290651559875e+02
1.070696845430135795e+02
1.073997027462720979e+02
1.076807667332887775e+02
1.078943678736686849e+02
1.080375763523578740e+02
1.080813285595178712e+02
1.080074540698528409e+02
1.076855093795061151e+02
1.066013236087560756e+02
1.037430710044503286e+02
1.003216620428860182e+02
1.002449993048608405e+02
1.005664850372821206e+02
1.008839647886157138e+02
1.011754173251241440e+02
1.014639777868986243e+02
1.017523110778629842e+02
1.020371797102689726e+02
1.023189699959754932e+02
1.026027459408342963e+02
1.028944603109359832e+02
1.031979410761594806e+02
1.035165432375669496e+02
1.038497708258032901e+02
1.041862631946802225e+02
1.045023683398962078e+02
1.047728559666872030e+02
1.049855675369501142e+02
1.051451692444086206e+02
1.052657840675115608e+02
1.053624290901422569e+02
1.054463985484838560e+02
1.055243049353361187e+02
1.056005442690849350e+02
1.056804176878929269e+02
1.057696053528785711e+02
1.058739396822452647e+02
1.059977758765220699e+02
1.061457496780157186e+02
1.063240006107091915e+02
1.065378635036945383e+02
1.067897686392068977e+02
1.070763410931825774e+02
1.073639573180675626e+02
1.075532834959030168e+02
1.075518704205751561e+02
1.072252673113346191e+02
1.060211735790967964e+02
1.031596072775125492e+02
1.003338903924822887e+02
1.001597350133955473e+02
1.004695493493974254e+02
1.007498874426633222e+02
1.009829124566912668e+02
1.012137836808711313e+02
1.014420592457056074e+02
1.016636953487992372e+02
1.018758610612154030e+02
1.020768765337765274e+02
1.022676332803070665e+02
1.024510724541544988e+02
1.026310268844664222e+02
1.028110082027316139e+02
1.029934047394990984e+02
1.031796805924177249e+02
1.033713887837529199e+02
1.035704785281419760e+02
1.037780807393789360e+02
1.039925805205106855e+02
1.042084596860408823e+02
1.044169851583242519e+02
1.046088763821125127e+02
1.047776530367136019e+02
1.049217303526401537e+02
1.050445344382524553e+02
1.051526415038108837e+02
1.052571656686067598e+02
1.053662296861410255e+02
1.054762998962402349e+02
1.055706856828928011e+02
9.773517813265323184e+01
9.691410169422626097e+01
9.637474854290485382e+01
9.604340811610221351e+01
9.590347250819205271e+01
9.573359445631503206e+01
9.559319976717233658e+01
9.543109122931956279e+01
9.525236925587057613e+01
9.503067229270934035e+01
9.482043352097272759e+01
9.469821312487124487e+01
9.468255918592214471e+01
9.478269747480749174e+01
9.522686315998434736e+01
9.615551016688345953e+01
9.831224155485629979e+01
9.914327606320381392e+01
9.913232184886932430e+01
9.893212381541728462e+01
9.866594592988491286e+01
9.836247805118560450e+01
9.802913258850574607e+01
9.766515559136867353e+01
9.727673500239849602e+01
9.688674915075301897e+01
9.652619473636150360e+01
9.622163623511791286e+01
9.598778074264525628e+01
9.581064605802296796e+01
9.565123052179812646e+01
9.547820694804191533e+01
9.528746572554111083e+01
9.509528202444315070e+01
9.492163525119423184e+01
9.477396508991718349e+01
9.464422084167598825e+01
9.454216102883219719e+01
9.451572992831468412e+01
9.465940510809420516e+01
9.525472961574791952e+01
9.687681769967079504e+01
9.889563313722609905e+01
9.899157080471515258e+01
9.887770966112613280e+01
9.874622047305106776e+01
9.863124996125698374e+01
9.852470112502574295e+01
9.841927477896213361e+01
9.831166043937206211e+01
9.819828855752945174e+01
9.807611108899116914e+01
9.794163421750069176e+01
9.779044558942317167e+01
9.761827156901360070e+01
9.742436083018779414e+01
9.721650182008743002e+01
9.701243580698967151e+01
9.683272378146648407e+01
9.669007867574691772e+01
9.658555924475193422e+01
9.651260563194750830e+01
9.646248460888863008e+01
9.642742834866047019e+01
9.640168980658053499e+01
9.638158096134662856e+01
9.636258898258209626e+01
9.633707463860511666e+01
9.629682395577430043e+01
9.623829625368118457e+01
9.615614526987074839e+01
9.604177274465560288e+01
9.588489068448542696e+01
9.567376243114470924e+01
9.541079005360603560e+01
9.514712108731269780e+01
9.496269077897071043e+01
9.489398034021257899e+01
9.500619139701127835e+01
9.560964477300643694e+01
9.719215045690536670e+01
9.887089186429977872e+01
9.902560617625712780e+01
9.887745696961879105e+01
9.871572090804576760e+01
9.858772741079330615e+01
9.847401923179626237e+01
9.836997744023800294e+01
9.827444055497646502e+01
9.818652640521526109e+01
9.810547841608524777e+01
9.802974857091903971e+01
9.795712413191795065e+01
9.788515691578388100e+01
9.781162743628024714e+01
9.773483771145343724e+01
9.765333870172500497e+01
9.756533157348633267e+01
9.746864407956600473e+01
9.736179718732833521e+01
9.724553547441959722e+01
9.712376291215419144e+01
9.700315070629119418e+01
9.689125523269176199e+01
9.679403948605060748e+01
9.671432618796825409e+01
9.665191026091575566e+01
9.660461383402346769e+01
9.656950995981692643e+01
9.653872283637522855e+01
9.650698118388652347e+01
9.647339308381080514e+01
8.638068477451801641e+01
8.790311770915985790e+01
8.911460349321366436e+01
8.990038255810738121e+01
9.104628576695920117e+01
9.140797228991985435e+01
9.209579970777035385e+01
9.280146619319916113e+01
9.349625986993312665e+01
9.405602641701699440e+01
9.437480594098568076e+01
9.440236621022225449e+01
9.417677651047706888e+01
9.364254528343677464e+01
9.226335853159427813e+01
8.959690398871899220e+01
8.361103521898390056e+01
8.104147919297219005e+01
8.112056544482709342e+01
8.146452914506197374e+01
8.190497486829758600e+01
8.245004366919398819e+01
8.308801589831710999e+01
8.382363741740584828e+01
8.464527771815657786e+01
8.550242780983448654e+01
8.632720009624958379e+01
8.705667147964240371e+01
8.765404956072569576e+01
8.814587490648031576e+01
8.859927861809731553e+01
8.906127661883832047e+01
8.952851828634739206e+01
8.995931930065155768e+01
9.030658543884754863e+01
9.055196928799152545e+01
9.070249733746052812e+01
9.072967815458774510e+01
9.060155223488808929e+01
9.013339506387711708e+01
8.862294799745083651e+01
8.449536642894149452e+01
7.913734785273670980e+01
7.898332553118467558e+01
7.922501815453171048e+01
7.948204034194350243e+01
7.972684417143463520e+01
7.998248286440968968e+01
8.025329542562366214e+01
8.054196662932633899e+01
8.085659356191754910e+01
8.120762019097806217e+01
8.160442079052329234e+01
8.205480093136431208e+01
8.256697093322874537e+01
8.314202879801393919e+01
8.376187977969647136e+01
8.438698526963592883e+01
8.497342097580433062e+01
8.549540132045746077e+01
8.595100766122341440e+01
8.635236198723316647e+01
8.671457733392716705e+01
8.704898064792156731e+01
8.736058009475470953e+01
8.765777361214161090e+01
8.796047340124846414e+01
8.828027383208275580e+01
8.861481085777283795e+01
8.895532997608185610e+01
8.930853363633156050e+01
8.968300107002258414e+01
9.007992243170738789e+01
9.048659270107746977e+01
9.086275381624699321e+01
9.112343621075153521e+01
9.116401831269264733e+01
9.093993919372559276e+01
9.030233437061311008e+01
8.850569729566574040e+01
8.421346182003618708e+01
7.964390738412737392e+01
7.934564176395535640e+01
7.957726987183093570e+01
7.976220730111002410e+01
7.989777499943971861e+01
8.003431361332535232e+01
8.016477346464991172e+01
8.028978004708886829e+01
8.041282853618264426e+01
8.053773091986775512e+01
8.067037774041294540e+01
8.081793221041560571e+01
8.098749279469252826e+01
8.118476633250713803e+01
8.141323956713081600e+01
8.167483686283232203e+01
8.197160695984960910e+01
8.230621565982700361e+01
8.268009253352880705e+01
8.309028297409416552e+01
8.352739674642683099e+01
8.397657227739692587e+01
8.442146782949568262e+01
8.484947294428945952e+01
8.525590199053287677e+01
8.564492231607438555e+01
8.602439610838891326e+01
8.641733984827996551e+01
8.682700357317925466e+01
8.723210062205792781e+01
8.760573928415776379e+01
7.245373702496290491e+01
7.425706750750541119e+01
7.665114152580498796e+01
7.820279830396175669e+01
8.056768373548983675e+01
8.102273744195699123e+01
8.246310957670210939e+01
8.380324913263321207e+01
8.516041417717933371e+01
8.632452872395515442e+01
8.696231896281241802e+01
8.708596223592756758e+01
8.679024084210395529e+01
8.590967034697533222e+01
8.342499529719351870e+01
7.839568823277950571e+01
6.728707293346523954e+01
6.222063429877161411e+01
6.246927046589552646e+01
6.335677359029650546e+01
6.437736765779554560e+01
6.559670853614807129e+01
6.699032597020267588e+01
6.856279908865690231e+01
7.029419403299688440e+01
7.209576537907123850e+01
7.384178698956965547e+01
7.539909087419509603e+01
7.667705139815807058e+01
7.772269066125154779e+01
7.867606881707907007e+01
7.964281304329632860e+01
8.062289744168519690e+01
8.152949176132678133e+01
8.226040163338184641e+01
8.277563373446464823e+01
8.309067519903182131e+01
8.312335875034331423e+01
8.278696161508560181e+01
8.173968946933746338e+01
7.851102853715418917e+01
7.008922064304351807e+01
5.983165316507219700e+01
5.961420654579996636e+01
6.048396971449255233e+01
6.130685775578021435e+01
6.204401622042059472e+01
6.277975319661199904e+01
6.350580164939164973e+01
6.420939731821417240e+01
6.489790921732783602e+01
6.560277130901813791e+01
6.635893194377422333e+01
6.718599866256117537e+01
6.809834756627678587e+01
6.909885335713624954e+01
7.015663888454436403e+01
7.119994083344936087e+01
7.214665926247835159e+01
7.294944834411144541e+01
7.361035015285014538e+01
7.416173616647719768e+01
7.464184380918740658e+01
7.507952499091625498e+01
7.548881007134913546e+01
7.588240989595651342e+01
7.628813785612582876e+01
7.673130039572716043e+01
7.722155237048863796e+01
7.774942150712013245e+01
7.832807704955338579e+01
7.897841497510671616e+01
7.970821122378110601e+01
8.050057368278503134e+01
8.129194294512271313e+01
8.193535568714140993e+01
8.219385616183281229e+01
8.189860093593597412e+01
8.070687111914158152e+01
7.699751983433961300e+01
6.836670814007520391e+01
5.988661371618508866e+01
5.951013067141175128e+01
6.037379286736249639e+01
6.099767123088240339e+01
6.148734308555722095e+01
6.200009284242987206e+01
6.250930425524710898e+01
6.300370803810655929e+01
6.347922781147062210e+01
6.393435921259224131e+01
6.437416242957114321e+01
6.480839429236948490e+01
6.524857400469481661e+01
6.570508416220545200e+01
6.618510180860756975e+01
6.669341973289847658e+01
6.723521498888730719e+01
6.781681645363569544e+01
6.844210432767867758e+01
6.910690640807150942e+01
6.979532313123344522e+01
7.048117334097624109e+01
7.113547887355089472e+01
7.173664514720439911e+01
7.227833357304334072e+01
7.277152111083269403e+01
7.323705582618713095e+01
7.371749755591153530e+01
7.423107217103242306e+01
7.474249723404645351e+01
7.517650216370820715e+01
1.551492319250106675e+02
1.614106055885553417e+02
1.662989642626046987e+02
1.687962954819202253e+02
1.745177706027030808e+02
1.762155765455961216e+02
1.787937410366535005e+02
1.816229537415504467e+02
1.848416758257150434e+02
1.881014290183782407e+02
1.909448830300569568e+02
1.925766632866859425e+02
1.926836779117584229e+02
1.908045543497800622e+02
1.851593943196535008e+02
1.739295998132228647e+02
1.458044346159696545e+02
1.325487615077197461e+02
1.348724138461053315e+02
1.380515431094169685e+02
1.411972122296690770e+02
1.446263038372993321e+02
1.483286580491065934e+02
1.523023922896385045e+02
1.564472330600023326e+02
1.604795169031619935e+02
1.640712479692697343e+02
1.669823662608861810e+02
1.691359602874517236e+02
1.707366675066948005e+02
1.721317492926120565e+02
1.735350180226564305e+02
1.749120572054386002e+02
1.760548558080196244e+02
1.767447157931327695e+02
1.768933579266071376e+02
1.764568534398078725e+02
1.753134222918748719e+02
1.738385434037446942e+02
1.714915230327844426e+02
1.654496908003091846e+02
1.480797122955322322e+02
1.207471354606747553e+02
1.204867978665232613e+02
1.231808537024259493e+02
1.251984790934622254e+02
1.267770110799372105e+02
1.282543418343365147e+02
1.297114507162570760e+02
1.311587611694633893e+02
1.326231111896038044e+02
1.341580818861722832e+02
1.358196490046381939e+02
1.376435212361812432e+02
1.396533196315169221e+02
1.418375017440318970e+02
1.441025231525301820e+02
1.462691867709159794e+02
1.481569219860434430e+02
1.496873684772849060e+02
1.509024127954244534e+02
1.519054670691490116e+02
1.528017055177688519e+02
1.536699794375896317e+02
1.545613623476028238e+02
1.555074152487516415e+02
1.565184516423940693e+02
1.576119659256935108e+02
1.588339953517913727e+02
1.602611863446235532e+02
1.619192563909292062e+02
1.638327000564336799e+02
1.660380724382400501e+02
1.685386507236957527e+02
1.711969376260041997e+02
1.735673320537805466e+02
1.749783057886361917e+02
1.750238068842887742e+02
1.732157392501831055e+02
1.668544595664739632e+02
1.487838437086343788e+02
1.252532364360988026e+02
1.247886845871806116e+02
1.277272628773748835e+02
1.298592750589549496e+02
1.314541538245975971e+02
1.329519413968920674e+02
1.343776895838975918e+02
1.357278516134619792e+02
1.370014711372554359e+02
1.381991008794307731e+02
1.393337366348505100e+02
1.404278367756307091e+02
1.415068642643093995e+02
1.425927804730832520e+02
1.437010752327740022e+02
1.448445470443367924e+02
1.460410879048704942e+02
1.473142059105634587e+02
1.486815822100639366e+02
1.501371654528379338e+02
1.516394847607612633e+02
1.531171890181302899e+02
1.544903967833518834e+02
1.556980523693561622e+02
1.567247819119691883e+02
1.576166889309883175e+02
1.584450402027368341e+02
1.594590043777227208e+02
1.605980559021234342e+02
1.615508680021762871e+02
1.618852615964412678e+02
