1.049530671238899231e+02
1.050189217138290445e+02
1.041455257797241245e+02
9.992353588938712505e+01
1.000716530957817980e+02
1.000947269651293681e+02
1.003980800661444590e+02
1.007309013789892163e+02
1.009387151622772194e+02
1.011429983270168265e+02
1.013878461265563971e+02
1.016683075785636845e+02
1.020033164107799593e+02
1.022918569874763506e+02
1.023318200564384455e+02
1.018776922762394008e+02
1.003239104995131470e+02
9.987596253514290368e+01
1.004820467212796160e+02
1.008080692261457472e+02
1.010638161095976812e+02
1.013408507847785955e+02
1.016283227068185795e+02
1.019594301140308374e+02
1.023253339672088629e+02
1.026618043816089596e+02
1.030167374563217209e+02
1.034154705715179432e+02
1.037841441738605539e+02
1.037570924901962286e+02
1.009649848103523198e+02
9.983441422879695892e+01
1.004187787052989052e+02
1.007128692042827538e+02
1.010265958148241054e+02
1.013191870939731558e+02
1.016074103367328689e+02
1.019046922379732081e+02
1.022450763314962359e+02
1.026457315927743963e+02
1.030472747206687956e+02
1.034663560390472412e+02
1.038809736752510133e+02
1.042496966123580933e+02
1.039919947195053140e+02
1.008379901242256125e+02
1.000327640923857615e+02
1.004560725247859949e+02
1.007490896743535984e+02
1.010617013987898787e+02
1.013391711747646298e+02
1.016207385212182999e+02
1.019133972775936172e+02
1.022468350362777727e+02
1.026359924328327224e+02
1.030082926177978493e+02
1.033873083782196005e+02
1.037197934985160828e+02
1.038028509616851807e+02
1.018473469400405946e+02
9.987841049432753948e+01
1.004549060758948258e+02
1.007584662237763382e+02
1.010457106488943140e+02
1.013250114607810985e+02
1.015890100610256184e+02
1.018522568631172192e+02
1.021345427465438860e+02
1.024720926374197063e+02
1.028161410307884154e+02
1.031863077259063743e+02
1.035809874331951193e+02
1.039532538795471197e+02
1.038991944360733015e+02
1.010990521919727314e+02
9.992773682415484870e+01
1.004212063735723461e+02
1.007038981547951693e+02
1.010075293606519722e+02
1.012829754564166080e+02
1.015536889159679390e+02
1.018316046941280320e+02
1.021397820985317253e+02
1.025091785347461695e+02
1.028779654479026817e+02
1.032655463600158754e+02
1.036482689118385281e+02
1.039558778524398832e+02
1.034761898899078432e+02
1.003447360563278181e+02
1.001274858853220877e+02
1.005039631333947199e+02
1.008005308741331021e+02
1.011064888507127790e+02
1.013772354918718293e+02
1.016515413975715632e+02
1.019297038495540590e+02
1.022528782266378471e+02
1.026189009606838169e+02
1.029853350830078114e+02
1.033790863418579136e+02
1.037562576186656997e+02
1.039576545405387833e+02
1.025468188911676464e+02
9.983225702643393618e+01
1.003365499866008719e+02
1.006126469829678456e+02
1.009056989055872009e+02
1.012015894073247892e+02
1.014689083963632612e+02
1.017407749366760186e+02
1.020184707772731798e+02
8.945096669316291127e+01
8.847237139821052665e+01
8.899964870333671740e+01
9.845715801239012421e+01
9.775221988201140277e+01
9.804946478605269533e+01
9.716372473716735669e+01
9.625303219795226539e+01
9.562696800231933025e+01
9.501443610906599702e+01
9.426301964521407228e+01
9.338307732582092058e+01
9.236461476325987974e+01
9.148031282305717582e+01
9.121618282079695916e+01
9.227402425527571950e+01
9.662044656515121233e+01
9.865037561893461771e+01
9.795752331256865375e+01
9.730593650341033651e+01
9.669798430442808979e+01
9.603247231006621121e+01
9.531952291488646267e+01
9.447469388246535971e+01
9.352392926454542987e+01
9.266588203907012655e+01
9.186034621238708553e+01
9.109265022039413395e+01
9.036535961747169665e+01
9.006221802473068294e+01
9.648384839534759294e+01
9.913141780376433587e+01
9.854409933805465016e+01
9.806513578891753014e+01
9.743138329982757284e+01
9.685052130699156692e+01
9.623947429418562649e+01
9.557096496820449261e+01
9.475698954582213673e+01
9.375841335296630064e+01
9.276192761182784352e+01
9.182234686136244761e+01
9.100603383541107405e+01
9.016799113988875547e+01
9.002023175001143329e+01
9.710292932033537738e+01
9.871633759260177499e+01
9.826080718994140284e+01
9.763933351993560450e+01
9.695291503906248920e+01
9.635389772415160792e+01
9.571262531995772349e+01
9.500756312131881032e+01
9.416175532817840121e+01
9.314597598791121413e+01
9.217179397821425368e+01
9.125947476625441368e+01
9.053580232858656984e+01
9.019723383188247112e+01
9.455828142642974399e+01
9.912591941356657799e+01
9.827484955072402784e+01
9.776533370018005087e+01
9.712761201143264600e+01
9.654106158733367238e+01
9.595075268268584523e+01
9.532815845966338486e+01
9.462279396772383677e+01
9.374654809474944273e+01
9.284392786979674383e+01
9.193657434225082170e+01
9.108110497951507512e+01
9.027580842733382838e+01
9.002334034919738315e+01
9.638756453275679803e+01
9.887575546026229745e+01
9.830275604724883465e+01
9.774082135677336680e+01
9.708767483234404949e+01
9.651802821636199781e+01
9.592685871124267294e+01
9.528718048572540056e+01
9.453728139638900529e+01
9.360168264627456836e+01
9.265896375656127759e+01
9.173841419100760675e+01
9.091700107336043857e+01
9.016156568408011651e+01
9.069403071641922054e+01
9.807560577154158921e+01
9.856168552160262664e+01
9.816926253795622870e+01
9.751891148805617604e+01
9.687330654144285802e+01
9.629076174974440505e+01
9.567125052452087175e+01
9.501093561172484669e+01
9.420515854120253607e+01
9.326377486228942360e+01
9.233149641513823269e+01
9.141961981177330188e+01
9.061892904758452971e+01
9.001778484821319637e+01
9.282809931993483588e+01
9.916865403652190025e+01
9.832665001869200694e+01
9.795209778785705623e+01
9.729324904680251507e+01
9.668675021886825505e+01
9.610714761734007539e+01
9.548825377941130910e+01
9.482229868412017026e+01
8.311078500866889840e+01
8.302620085060596011e+01
8.251760660618543852e+01
8.016106370076536791e+01
7.997132948920130957e+01
8.020228951290249597e+01
8.036718574881552968e+01
8.052106465823948156e+01
8.064286279492080212e+01
8.078302767321467570e+01
8.096642722398043190e+01
8.118848345160483859e+01
8.145316801846027488e+01
8.169241559207439707e+01
8.176073788136244502e+01
8.149189179152250517e+01
8.057146529182791994e+01
8.018780201405286334e+01
8.038828321933746679e+01
8.054432284295559441e+01
8.071615414246916487e+01
8.091376051351427634e+01
8.113101724147796290e+01
8.138795527026057641e+01
8.167759399741888160e+01
8.194370100378989719e+01
8.217423628687858184e+01
8.235532452493906419e+01
8.244176157712936970e+01
8.225566856831312634e+01
8.057748637527227231e+01
7.986913850814103455e+01
8.018809974804520380e+01
8.030157449245453449e+01
8.044589007176459461e+01
8.059559776172041268e+01
8.076054196059703827e+01
8.094816138640045722e+01
8.117749465182423307e+01
8.145610224366187424e+01
8.173919454574584620e+01
8.200805310249329239e+01
8.221691916882991791e+01
8.234460246503353176e+01
8.212001008749008690e+01
8.037068739145993845e+01
7.994484155297278960e+01
8.020787633240223613e+01
8.032221683427691516e+01
8.045997958190739041e+01
8.060185870327055113e+01
8.076673801362514382e+01
8.095863592624664307e+01
8.119331212729215963e+01
8.147426427692174400e+01
8.174603697329759200e+01
8.199168924748897780e+01
8.214482858359814088e+01
8.209469603180885144e+01
8.095090938717126505e+01
7.986860701963306042e+01
8.020372415959835166e+01
8.031162186756729682e+01
8.044796247869730621e+01
8.060284203059971730e+01
8.077159906864166317e+01
8.096046509861946561e+01
8.117838837325572854e+01
8.144041662305593832e+01
8.170674907267093090e+01
8.196183723747729744e+01
8.217561007082461799e+01
8.231145295798778250e+01
8.217046729832887308e+01
8.058051076911389998e+01
7.991780031114817007e+01
8.020916934117674657e+01
8.032379606246948356e+01
8.046256568603217829e+01
8.060809536032378730e+01
8.077064872667193640e+01
8.095561226829886436e+01
8.117501105338335776e+01
8.144206727623939912e+01
8.170951187789439984e+01
8.196018502593040012e+01
8.215644670248032355e+01
8.226382694721222322e+01
8.191189376711845682e+01
8.016018435090779803e+01
8.005073962092399142e+01
8.023843081802129973e+01
8.036068088009953669e+01
8.050671892717480205e+01
8.065761270485818102e+01
8.082969000935554504e+01
8.102312429517508008e+01
8.125835406154394036e+01
8.152836546093224968e+01
8.179193198859691449e+01
8.203505850195884364e+01
8.220865707218646889e+01
8.223230194747448252e+01
8.136704419732093641e+01
7.985181513413786547e+01
8.016761263653636149e+01
8.027610667824745860e+01
8.040572658732533284e+01
8.055612645037471964e+01
8.071430228725076006e+01
8.089411933362484319e+01
8.109586774811148757e+01
8.122289714813233275e+01
8.198449079632759151e+01
7.981251765131951004e+01
6.487644631326199374e+01
6.389819788545370471e+01
6.415103858157992534e+01
6.510061302512885106e+01
6.632678074836731241e+01
6.734185365915298860e+01
6.837666671633721194e+01
6.959984208405018080e+01
7.103915406703949031e+01
7.277330910086631377e+01
7.445340561032296023e+01
7.519635578691959665e+01
7.379979439258575269e+01
6.780287601649762053e+01
6.387637898907065903e+01
6.474155299186706713e+01
6.581407019287348703e+01
6.674256846159697432e+01
6.768440148353576546e+01
6.869262742996215820e+01
6.991828859388829187e+01
7.137674422502517757e+01
7.284695806682110231e+01
7.436820152163505782e+01
7.589862803220749754e+01
7.720969289124012391e+01
7.727420986354351840e+01
6.783410397648812307e+01
6.295342531085015025e+01
6.417158150553703422e+01
6.523542104959487631e+01
6.628193197131157888e+01
6.725750602126122146e+01
6.824462649017573312e+01
6.929666778624057599e+01
7.056050831973553272e+01
7.214095828771591812e+01
7.385878853380680198e+01
7.566569662570952914e+01
7.725987069547176134e+01
7.850286164224148422e+01
7.765712344408035506e+01
6.693305275082587968e+01
6.351433849543333565e+01
6.453447815984488045e+01
6.563744752496481283e+01
6.679646741688252121e+01
6.787579386591912112e+01
6.898361297070979958e+01
7.015440906107426144e+01
7.152031230211258617e+01
7.317212040424347208e+01
7.485433715164661805e+01
7.648703758120537088e+01
7.766207878947258791e+01
7.768447764694690250e+01
7.076396644592286123e+01
6.340549323141575400e+01
6.426450003415347112e+01
6.540682725906371786e+01
6.650962893158197176e+01
6.757086488842963945e+01
6.860387336432934546e+01
6.965514698803424665e+01
7.081382511198521001e+01
7.223455629050731375e+01
7.376308886110783192e+01
7.537164619803428423e+01
7.690081936597823642e+01
7.812608479857445332e+01
7.779827883660793475e+01
6.818107331514359259e+01
6.337683723494411225e+01
6.439979517951607590e+01
6.550788729250430720e+01
6.664136626660824447e+01
6.770136628836394266e+01
6.875276350557804506e+01
6.983751646399498725e+01
7.106237804174423900e+01
7.257040801584720668e+01
7.416503236055373804e+01
7.579713861286640508e+01
7.723099623441696338e+01
7.824068905591964551e+01
7.649127573609352737e+01
6.567587176054716736e+01
6.363758008226752594e+01
6.468580796733499483e+01
6.580339763224125704e+01
6.694353789031505642e+01
6.799067432284356016e+01
6.905040452778339954e+01
7.014387401998043003e+01
7.143846090495586054e+01
7.296643643438815729e+01
7.456016138970852580e+01
7.617428797781467154e+01
7.751215231955052332e+01
7.809184069275856643e+01
7.312166756093502329e+01
6.358614835515619035e+01
6.398768538862466926e+01
6.505490779727698225e+01
6.615217677444219646e+01
6.725451482623816446e+01
6.829096013009548471e+01
6.934598217666149367e+01
7.044892252922058162e+01
1.480587448906898089e+02
1.476537858486175310e+02
1.432507572650909253e+02
1.268296854090690573e+02
1.246837062203884017e+02
1.245496850132942086e+02
1.252799106544256205e+02
1.263268393898010231e+02
1.272434995698928759e+02
1.282765857076644807e+02
1.295691409134864784e+02
1.310850382089614925e+02
1.328668294024467400e+02
1.344886504101753246e+02
1.350395034384727353e+02
1.334848054325580620e+02
1.276955550396442334e+02
1.252574553453922164e+02
1.267267783212661669e+02
1.280777744102477982e+02
1.294100585186481283e+02
1.308452517867088147e+02
1.323582153320312500e+02
1.340800345396995397e+02
1.359999626851081871e+02
1.378417818045616059e+02
1.396964754462241842e+02
1.415519853997230371e+02
1.429293292999267351e+02
1.422708598518371446e+02
1.311122458410262936e+02
1.253098842161893742e+02
1.263833772718906374e+02
1.274636655020713789e+02
1.287631448554992630e+02
1.301299409294128395e+02
1.315677167677879140e+02
1.330932212662696656e+02
1.348403316378593217e+02
1.369080184412002552e+02
1.390634131860732907e+02
1.412417993330955142e+02
1.431003673481940837e+02
1.442987151956558023e+02
1.424396561503409941e+02
1.298056113278865666e+02
1.251158956849574935e+02
1.261101992410421246e+02
1.271867995649576102e+02
1.284532467770576432e+02
1.297505921173095658e+02
1.311456089615821838e+02
1.326454928708076295e+02
1.343589728522300675e+02
1.363510637927055313e+02
1.382874507737159604e+02
1.401188360190391222e+02
1.414758280634879668e+02
1.414185639953612963e+02
1.333009892034530424e+02
1.250046897721290549e+02
1.260184211355447701e+02
1.271099958091974145e+02
1.282800887006521009e+02
1.295402861547470081e+02
1.308474624586105222e+02
1.322155845212936356e+02
1.337120643687248105e+02
1.354824562025070236e+02
1.373258892989158539e+02
1.392239779949188119e+02
1.410225035810470331e+02
1.423328622579574301e+02
1.414245744538307008e+02
1.303272418427467301e+02
1.246840289121866192e+02
1.257439430141448895e+02
1.267645493185520138e+02
1.279866499757766718e+02
1.292672692108154138e+02
1.306224649548530579e+02
1.320642311906814541e+02
1.336769059836864244e+02
1.355924904799461217e+02
1.375662309789657627e+02
1.395724727058410508e+02
1.413269112372398126e+02
1.423302144241332883e+02
1.397032234859466371e+02
1.274930138808488778e+02
1.251243452376127152e+02
1.261229095685481951e+02
1.272322141623496918e+02
1.285230165767669632e+02
1.298287042510509366e+02
1.312164343726634854e+02
1.326735810422897259e+02
1.343525210881233249e+02
1.362572210812568585e+02
1.381756864953040917e+02
1.400794313621520644e+02
1.416221011996268828e+02
1.420452304315566892e+02
1.359124142765998613e+02
1.251399893152713645e+02
1.255971752220392119e+02
1.265346912372112200e+02
1.276709310138225533e+02
1.289628366923332123e+02
1.302754029333591461e+02
1.316636168336868309e+02
1.331257597875595025e+02
