1.005398786032199894e+02
1.008299250042438473e+02
1.012724709710478805e+02
1.015707587444782263e+02
1.018590787470340757e+02
1.021664391040801974e+02
1.024635174596309639e+02
1.027789286136627140e+02
1.031070525407791081e+02
1.035271234190464043e+02
1.039294309175014490e+02
1.037343981802463588e+02
1.022667586421966490e+02
1.012635147219896368e+02
1.016877125328779243e+02
1.009060386788844994e+02
1.006993829098343838e+02
1.011264734885096601e+02
1.019106523549556726e+02
1.022758158683776912e+02
1.027592131686210593e+02
1.033418618297576899e+02
1.037978624212741892e+02
1.042037834525108337e+02
1.045153264427185036e+02
1.046492490029335016e+02
1.036687151479721081e+02
1.010492617174982968e+02
1.001595884940028185e+02
1.005332122033834423e+02
1.008525077539682400e+02
1.011939510330557823e+02
1.014775995904207235e+02
1.017352609014511131e+02
1.020208066987991344e+02
1.023652026635408419e+02
1.027621913969516783e+02
1.031378495287895163e+02
1.034735035324096657e+02
1.037784770417213451e+02
1.035855176377296516e+02
1.021919109612703380e+02
1.002627861586213101e+02
1.004264757242798822e+02
1.008548440733551956e+02
1.011199722009897215e+02
1.013746150201559004e+02
1.016443168783187900e+02
1.019023561573028616e+02
1.021531982898712130e+02
1.024541651797294577e+02
1.027913141858577717e+02
1.031392417240142834e+02
1.035338924670219427e+02
1.039500620794296282e+02
1.043589346027374347e+02
1.043710626792907732e+02
1.016312064033746765e+02
9.980108461678027254e+01
1.003548661544919014e+02
1.006035700228810299e+02
1.008985668492317131e+02
1.011503377485275195e+02
1.014003917980194132e+02
1.016827321088314022e+02
1.019830995017290149e+02
1.023439675486087737e+02
1.027324189805984531e+02
1.030912504565715864e+02
1.034030827713012712e+02
1.034865046751499165e+02
1.019328679585456854e+02
9.973945451498030934e+01
1.003451499113440519e+02
1.007073763352632483e+02
1.009810878366231890e+02
1.012567141634225862e+02
1.015229336237907347e+02
1.017928597164154070e+02
1.020729783713817653e+02
1.023971991229057323e+02
1.027260347437858599e+02
1.030785294079780527e+02
1.034869531440734818e+02
1.039286934423446667e+02
1.042685386729240378e+02
1.035705084109306284e+02
1.000744018378853752e+02
1.001952949276566471e+02
1.004601837021112374e+02
1.007569321513175993e+02
1.010696909251809075e+02
1.013315365403890667e+02
1.016104480850696490e+02
1.019069574993848732e+02
1.022622717249393531e+02
1.026642711198329891e+02
1.030456110250949848e+02
1.034289946627616956e+02
1.037190156006813027e+02
1.035330515480041527e+02
1.008746996450424120e+02
1.000001753771305033e+02
9.640836959838865994e+01
9.563261704683303321e+01
9.422006248712538934e+01
9.295858565092086678e+01
9.203693473339080811e+01
9.192324586629867156e+01
9.259510798931121656e+01
9.342368407964706023e+01
9.378331464052199351e+01
9.326880750417709010e+01
9.241193203449249438e+01
9.252878858089447078e+01
9.558392813205718141e+01
9.885708023309706505e+01
9.911076240777968849e+01
9.885029881954191922e+01
9.650697826385497535e+01
9.604079177618025653e+01
9.595361413002014217e+01
9.424972366333007301e+01
9.327170538425444590e+01
9.227437873601913054e+01
9.138992269515991040e+01
9.097607627391815299e+01
9.060105238676071338e+01
9.020623468875884043e+01
9.187306714773177418e+01
9.818776052474974847e+01
9.961968154907225426e+01
9.868103327989577167e+01
9.766598259449004615e+01
9.688145172119139659e+01
9.630126324176787023e+01
9.557184033870696283e+01
9.473118236303328388e+01
9.370484835863112494e+01
9.257447819471359196e+01
9.160926700949669055e+01
9.092283326625823747e+01
9.048552021980285076e+01
9.088873074173926625e+01
9.440983966112136727e+01
9.920199590444563853e+01
9.879623459815978492e+01
9.793170135974882839e+01
9.734891335487364472e+01
9.689395110607146933e+01
9.643605355978012028e+01
9.593021052360533929e+01
9.536242887020110004e+01
9.462441473245620216e+01
9.375237831830978052e+01
9.285036858797073478e+01
9.191719212293624253e+01
9.103801735281943763e+01
9.002550858974456105e+01
8.936060610532760506e+01
9.524420264959334759e+01
9.904633553266523904e+01
9.817897924900054818e+01
9.758122526407241537e+01
9.678891353845595802e+01
9.619002915382384344e+01
9.561084897518156822e+01
9.495732532262800873e+01
9.423734145402907814e+01
9.334256313085555234e+01
9.236697206020355111e+01
9.149639590978621584e+01
9.077130210280418510e+01
9.034723235845565625e+01
9.372354229450225205e+01
9.916394830465316090e+01
9.846089778423308303e+01
9.793537023544310216e+01
9.736923593282699585e+01
9.682150705814360947e+01
9.627737222433088959e+01
9.570680592775343598e+01
9.506864606142043783e+01
9.426419238567351044e+01
9.340247923851012501e+01
9.250048230886459066e+01
9.157778321146965084e+01
9.069467370510101034e+01
8.985149103879928134e+01
9.067254179835319405e+01
9.870154294490814095e+01
9.832971529245375564e+01
9.814090013980865024e+01
9.745037755966185955e+01
9.678236155271530095e+01
9.620776205301284278e+01
9.557431579589842841e+01
9.486795088052748781e+01
9.397871033430098464e+01
9.294291760206222364e+01
9.197252262830733116e+01
9.107671434164046786e+01
9.038241949558258170e+01
9.048039304971695174e+01
9.679039743423460607e+01
9.882864989280699319e+01
8.040716911241412390e+01
8.057142412506044593e+01
8.090036516770720709e+01
8.127851391673088699e+01
8.165016853243112394e+01
8.188239290833473660e+01
8.195653308779000668e+01
8.196811640322208348e+01
8.206523984611034450e+01
8.232088451981545063e+01
8.253953468441963537e+01
8.232331383526324942e+01
8.151901614606380519e+01
8.102540210306644042e+01
8.100344684004784312e+01
8.052040633626282329e+01
8.058850612588226170e+01
8.078743108883500668e+01
8.093400919541716121e+01
8.122180905371904203e+01
8.162382266700268474e+01
8.204258851408958719e+01
8.243568015038967189e+01
8.270080902397633338e+01
8.290981395781039964e+01
8.293241715371608791e+01
8.218347253382205508e+01
8.055501382216810669e+01
8.006836029604077964e+01
8.032277758538722878e+01
8.042274140536784444e+01
8.055759100899099678e+01
8.071090029329062077e+01
8.089154431119561650e+01
8.111470273464918535e+01
8.139840981110930329e+01
8.172521342843771208e+01
8.202102751702069838e+01
8.222599871367215485e+01
8.233697479546070497e+01
8.213183633446693932e+01
8.125330574318766708e+01
8.013916661664843843e+01
8.025785330757499025e+01
8.038186683103441510e+01
8.049792326420545407e+01
8.062008229188620589e+01
8.076015808373689708e+01
8.092573601707816522e+01
8.111499016612768287e+01
8.134845655769109385e+01
8.161424912095070283e+01
8.188425047755241337e+01
8.215135812640190238e+01
8.236788683891296614e+01
8.252839446365832998e+01
8.246302336841822012e+01
8.091691862359643039e+01
7.980824095487594150e+01
8.022042332246900287e+01
8.034403816461562542e+01
8.047627859167754139e+01
8.060838781319559132e+01
8.075265239939093931e+01
8.092749376446008114e+01
8.113149955496191978e+01
8.138573122590780429e+01
8.166238921850920462e+01
8.190364690780639023e+01
8.206945660442113422e+01
8.206971304178237858e+01
8.116283876314759027e+01
7.991553574934602011e+01
8.020522694140672115e+01
8.031887544333935125e+01
8.044581981554627248e+01
8.060038561694324244e+01
8.076538059249520529e+01
8.094623793303966863e+01
8.115084178879857291e+01
8.139796775534749429e+01
8.165808796226978927e+01
8.191775078952312583e+01
8.216113772273064342e+01
8.234693827867508276e+01
8.241259109139443240e+01
8.192111339151858829e+01
7.997793686360120091e+01
8.007718149885535297e+01
8.022682715728879543e+01
8.035254743501543828e+01
8.049877014815807286e+01
8.064204837687313443e+01
8.081156390503049636e+01
8.100836728602648407e+01
8.125520270437002068e+01
8.154124498844146274e+01
8.180970079481602397e+01
8.204323783218860910e+01
8.216373603403567927e+01
8.195984287858009054e+01
8.044881317198276349e+01
7.996921981140971525e+01
6.477799537941814378e+01
6.602381940275431305e+01
6.829763708084821872e+01
7.041543391048908518e+01
7.206141164839267788e+01
7.270746103227138235e+01
7.207239464342593749e+01
7.134561954975129083e+01
7.217618301808833792e+01
7.466843162477016449e+01
7.710423339307308765e+01
7.686553428947925681e+01
7.164786196410656771e+01
6.669665144205093554e+01
6.619172147512436766e+01
6.612260891318321399e+01
6.637505590885878348e+01
6.715639028370381425e+01
6.853343202710152582e+01
7.130743553817272584e+01
7.320328105509281613e+01
7.524793663859367143e+01
7.729673405528069452e+01
7.842072824299336276e+01
7.935436173498631263e+01
7.984360519051551819e+01
7.605972433805466437e+01
6.699022200196981203e+01
6.421277063816786779e+01
6.533541458129883495e+01
6.636372766435147241e+01
6.742089315891266210e+01
6.843163739562035630e+01
6.940563664376736597e+01
7.054475101768970546e+01
7.200687499701976435e+01
7.381031898915767897e+01
7.565174738645553987e+01
7.726599118530749877e+01
7.847349048614502465e+01
7.766138480901717855e+01
7.240801891028881698e+01
6.524574197798968100e+01
6.457922423243523724e+01
6.596431870222092186e+01
6.688387587994337480e+01
6.760258141994476944e+01
6.826048475593329101e+01
6.890012990713120189e+01
6.963834871530532666e+01
7.069401135921478385e+01
7.206678361415863776e+01
7.366518655478954258e+01
7.548942326903343769e+01
7.727521021664142609e+01
7.909043214797974031e+01
7.957418526649475154e+01
7.012488471865654560e+01
6.337031027913094050e+01
6.440184491693973712e+01
6.546173527121544566e+01
6.661910376816987878e+01
6.770173126637935468e+01
6.875173762142658518e+01
6.987538017690181391e+01
7.109232132554053862e+01
7.258879733741284213e+01
7.428827887952327558e+01
7.591240319609642029e+01
7.722224372506141776e+01
7.763330181062221413e+01
7.234169619619846969e+01
6.389975469946861608e+01
6.414474140524865220e+01
6.529830519497394903e+01
6.632247354358435132e+01
6.731300472915172861e+01
6.827669639468193452e+01
6.925847565114499105e+01
7.031497849881648676e+01
7.160206621706485919e+01
7.301663628816605467e+01
7.455501920342445032e+01
7.618411279141902526e+01
7.770020013391972213e+01
7.876228615880012285e+01
7.638662510812282846e+01
6.445265055298806089e+01
6.375934318900108622e+01
6.468395928695798602e+01
6.578898651301861378e+01
6.698231317788362560e+01
6.806187346816062700e+01
6.918648504316807646e+01
7.038256267905235575e+01
7.182605247080326194e+01
7.352427486777305887e+01
7.521480313360690673e+01
7.680792346715927010e+01
7.781251355946064052e+01
7.691349089205264988e+01
6.762470755934715783e+01
6.342046603381633929e+01
1.240471166229248041e+02
1.250925209891796044e+02
1.269942162710428164e+02
1.293381785321235498e+02
1.319719962406158231e+02
1.343865368437766961e+02
1.362472658061981008e+02
1.375848031091690018e+02
1.384288778352737381e+02
1.395467920327186278e+02
1.406885077285766386e+02
1.394784373116492873e+02
1.335468627429008279e+02
1.294201495003700302e+02
1.294258906173705839e+02
1.264664333754777772e+02
1.265105401128530360e+02
1.296482962274551198e+02
1.324691032147407554e+02
1.332640469491481667e+02
1.359598204469680809e+02
1.385930870413779985e+02
1.408639919829368239e+02
1.429326339125632899e+02
1.443769485330581404e+02
1.450081834149360418e+02
1.406434759068488916e+02
1.298697705376148122e+02
1.251387617397308247e+02
1.262499517238140072e+02
1.277146327030658597e+02
1.290583949017524503e+02
1.302804841637611446e+02
1.317437832140922467e+02
1.333338902997970479e+02
1.352070151853561413e+02
1.373077916240692105e+02
1.392744505143165270e+02
1.408970505404471965e+02
1.421417997074127015e+02
1.410177901053428400e+02
1.351642686223983674e+02
1.271055967378616316e+02
1.264806509792804690e+02
1.279109458583593266e+02
1.289318085551261959e+02
1.300868835878372067e+02
1.313866447138786100e+02
1.327167046833038171e+02
1.340674987661838315e+02
1.356675165820121549e+02
1.375026166677474748e+02
1.394435596632957299e+02
1.415273033618926775e+02
1.434643595528602305e+02
1.450270911860465617e+02
1.442287713599204722e+02
1.326624976408481587e+02
1.244362725722789662e+02
1.254944157540798102e+02
1.262921834301948536e+02
1.273364451670646531e+02
1.284941302222013348e+02
1.297544706344604322e+02
1.311789347887039128e+02
1.327400089359283299e+02
1.346153569245338417e+02
1.366894043302535806e+02
1.386612428641319070e+02
1.402903215885162069e+02
1.406474497294425703e+02
1.344204842281341428e+02
1.255555780220031608e+02
1.262619866257905841e+02
1.273274154943227643e+02
1.283655548924207608e+02
1.295174812197685128e+02
1.307544060170650368e+02
1.320808640623092458e+02
1.335107254052162205e+02
1.351888325643539304e+02
1.369741604185104222e+02
1.388700073647499096e+02
1.408734355092048247e+02
1.427064202284812779e+02
1.437375422453879992e+02
1.403180409693717650e+02
1.267440923160314554e+02
1.254291149508952969e+02
1.261521460670232671e+02
1.271782381319999615e+02
1.284462205904722225e+02
1.297120017004012880e+02
1.311136319136619477e+02
1.326444693732261442e+02
1.344580905127525341e+02
1.365243518781661862e+02
1.385278173160552910e+02
1.403851277136802480e+02
1.414816872763633455e+02
1.401994374895095632e+02
1.296926205098629055e+02
1.251206754601001734e+02
