1.012304355847090562e+02
1.015492595717310991e+02
1.021215847210586105e+02
1.028815297970175777e+02
1.039105463469028479e+02
1.050578300452232412e+02
1.060083198416233188e+02
1.065529479694366586e+02
1.068355299919843731e+02
1.071274133026600026e+02
1.075066895884275482e+02
1.078764293974638093e+02
1.086728227138519429e+02
1.088236932873725920e+02
1.078795982885360729e+02
1.072339809519052523e+02
1.068806402027607021e+02
1.066547755640745265e+02
1.051726720571518001e+02
9.960636249363422223e+01
9.950903652250767095e+01
9.926655015289783535e+01
9.885523286402225551e+01
9.818745394051074982e+01
9.738307501196861438e+01
9.664590977489947932e+01
9.620557345330715293e+01
9.603467376291752089e+01
9.587962090432642981e+01
9.567592399328947295e+01
9.535748170584439265e+01
9.473069569960236436e+01
9.433309943772852080e+01
9.453761305034160500e+01
9.493419456273316825e+01
9.516466505751013472e+01
9.563459937155246848e+01
9.652215242207050494e+01
8.204385945990682671e+01
8.259301038250328020e+01
8.325680764034390791e+01
8.436861376449466832e+01
8.564011351346970002e+01
8.735079083263875077e+01
8.895550464451314099e+01
9.020647031247617065e+01
9.128116903185845388e+01
9.239081348359584922e+01
9.335436766862869717e+01
9.393261534035205784e+01
9.351043330967426925e+01
9.261945807397366082e+01
9.156706872940064557e+01
9.084161773145198993e+01
8.958210415184498743e+01
8.935100336194038562e+01
8.787361199498177200e+01
6.392232431061565734e+01
6.465364661179482653e+01
6.568854750245809271e+01
6.757188405543566034e+01
6.981570438146590618e+01
7.317948408722877218e+01
7.642464218437670809e+01
7.897973966896533682e+01
8.105926169902086542e+01
8.338203792273998260e+01
8.553412028551102253e+01
8.710210718512533390e+01
8.791643262803553682e+01
8.668659099340439411e+01
8.370050313174724010e+01
8.150906842648983286e+01
7.959069805890321447e+01
7.905114235132931810e+01
7.519028001576661779e+01
1.297257869048416694e+02
1.345567556427419049e+02
1.400675133401155392e+02
1.470701367804408051e+02
1.539770109272002969e+02
1.615851218390464794e+02
1.680024390166997819e+02
1.719375397968292134e+02
1.748527003544568856e+02
1.783183199501037564e+02
1.822731983149051587e+02
1.864220271331071785e+02
1.907137750554084619e+02
1.800585847467183953e+02
1.661370386767387402e+02
1.675030354249477398e+02
1.692932291346788247e+02
1.687453063023090181e+02
1.628334470790624664e+02
