1.003593359528481983e+02
1.003471232338994810e+02
1.008766383882611990e+02
1.016485823753476154e+02
1.024759749102592536e+02
1.034515359413623798e+02
1.044141622471809399e+02
1.052541989231109625e+02
1.058566128259897283e+02
1.061817970287799966e+02
1.064373867857456304e+02
1.066606637018919059e+02
1.069226327067613624e+02
1.072496666711568878e+02
1.076245994186401447e+02
1.081192587149143236e+02
1.089388676732778691e+02
1.080486684429645550e+02
1.074958093619346755e+02
1.072465262877941257e+02
1.071462452363967941e+02
1.058259851795435083e+02
1.023558771133422880e+02
1.001043254207074682e+02
1.002536662964522947e+02
1.008967434503883140e+02
1.011411112932860874e+02
1.012789697171747747e+02
1.020014300706982624e+02
1.019431246778369058e+02
1.024759489941597081e+02
1.024601563709974386e+02
1.032538242855668074e+02
1.030590482759475748e+02
1.038979666721820934e+02
1.037672193020582228e+02
9.877417100310326248e+01
9.913600649595259995e+01
9.872194296777247757e+01
9.846733415424823477e+01
9.814200246155262164e+01
9.779714078962803114e+01
9.734510042726994072e+01
9.691432964146136442e+01
9.659734689116477568e+01
9.639329062581062146e+01
9.622248803794383321e+01
9.606315254569052797e+01
9.592182338535785391e+01
9.573628670811652341e+01
9.546412239581346171e+01
9.500939578026532217e+01
9.446575132541357789e+01
9.448716444686054672e+01
9.486297417372465191e+01
9.502013376340269701e+01
9.541643399715422902e+01
9.606951219856738078e+01
9.788646911203861123e+01
9.956440932989120540e+01
9.941843686938285884e+01
9.914106857419014318e+01
9.913055038392543850e+01
9.880262766599655322e+01
9.862861282169818367e+01
9.849589766740798780e+01
9.835583983778953154e+01
9.807481351435184536e+01
9.802375933229923533e+01
9.770099317073821510e+01
9.765335332334041141e+01
9.725187150776386602e+01
7.994332310557365417e+01
8.028127640485763550e+01
8.042450903579592136e+01
8.114450736716391077e+01
8.178343575537205368e+01
8.278242203399540244e+01
8.402449466958643143e+01
8.552429328590632451e+01
8.701119805932046347e+01
8.838745519995690358e+01
8.967632873594762088e+01
9.064720453977585635e+01
9.157419158756734134e+01
9.249633248984814315e+01
9.333320869624614602e+01
9.366634596526623113e+01
9.297157517611981348e+01
9.202363153040410282e+01
9.137325061500072820e+01
9.007660373151303190e+01
9.037605529010296834e+01
8.885383436679840941e+01
8.274975391775370781e+01
7.959210193201899131e+01
8.030553965687751372e+01
8.011185525417327824e+01
8.092308079913259178e+01
8.113205651953816755e+01
8.086321259200573763e+01
8.152297771945596594e+01
8.174429677605630218e+01
8.198517538428306750e+01
8.245839492827654738e+01
8.273221690610051837e+01
8.359791701748967796e+01
8.374984602823853663e+01
5.932204550951718858e+01
6.165487477406858829e+01
6.225279438234865381e+01
6.423692388683556942e+01
6.601026293784379106e+01
6.800958142355084135e+01
7.020033047348260880e+01
7.254817487746477411e+01
7.474639362096786499e+01
7.612255241870879274e+01
7.797011835277079683e+01
7.973902880847454355e+01
8.169298850744962692e+01
8.369278287291525942e+01
8.561181493997574421e+01
8.701789653897284893e+01
8.726091505885122501e+01
8.415602430105208498e+01
8.243050372004508120e+01
8.068398097902536392e+01
8.078571435958146196e+01
7.704978502839803411e+01
6.624009279012679485e+01
6.020155482515692569e+01
6.094786442518233827e+01
6.193237288668751006e+01
6.277584774531423761e+01
6.315042014904319956e+01
6.405774868316947845e+01
6.445562624596058754e+01
6.552434244006872177e+01
6.569803401976822954e+01
6.726199180409311396e+01
6.735666597783564669e+01
6.926674956306814579e+01
6.946563492938875584e+01
1.206646801619231582e+02
1.230138496810197779e+02
1.278532704296708005e+02
1.300192337299883434e+02
1.336947424158453828e+02
1.377018931236863182e+02
1.430040629670023975e+02
1.492215560558438199e+02
1.564161720710992824e+02
1.615618923640251126e+02
1.657962051683664129e+02
1.694318830758333263e+02
1.734557390052080166e+02
1.781082004326581796e+02
1.833565557271242028e+02
1.889843719661235752e+02
1.869129485929012162e+02
1.684747034007310731e+02
1.698595620489120392e+02
1.716949556422233627e+02
1.711931303054094258e+02
1.681910459679365033e+02
1.419023707759380386e+02
1.229216049899160765e+02
1.301569780106842416e+02
1.302313412471115441e+02
1.335926767051219883e+02
1.388773175118863605e+02
1.360031850506365174e+02
1.417511367125809159e+02
1.403430214802920659e+02
1.459174795067310129e+02
1.424933684407174610e+02
1.500619708710908924e+02
1.466427409467100915e+02
1.549061598068475689e+02
