1.009176032251119608e+02
1.011656927961111023e+02
1.017085975301265677e+02
1.022904218232631735e+02
1.029015541493892698e+02
1.033935481119155924e+02
1.038094548177719076e+02
1.044266339945793192e+02
1.047673717069625923e+02
1.035736722016334568e+02
9.947363816738128151e+01
1.003050251516699802e+02
1.008856776645779547e+02
1.012199217283725687e+02
1.014795215773582413e+02
1.016600379580259386e+02
1.016458567595481810e+02
1.020253184425830852e+02
1.024332321208715371e+02
1.027240518045425404e+02
1.030066738009452791e+02
1.030653754866123251e+02
1.025807946294546156e+02
1.012822479277849226e+02
1.002771734490990667e+02
1.007222496527433435e+02
1.011286041933298065e+02
1.014440231454372423e+02
1.017460909962654085e+02
1.020258991605043377e+02
1.023570832753181463e+02
1.027034273266792326e+02
1.030362447404861399e+02
1.033931368827819881e+02
1.037475304579734825e+02
1.040357142329216060e+02
1.036301178562641212e+02
1.009922422677278462e+02
1.000958469438552783e+02
1.005454025849699917e+02
1.008516175001859665e+02
1.011744474887847929e+02
1.014540938031673392e+02
1.017425745415687572e+02
1.020457844126224529e+02
1.024168897414207464e+02
1.028131344747543352e+02
1.031886108636856108e+02
1.035656350910663548e+02
1.038946737802028650e+02
1.039339394783973773e+02
1.016729555499553612e+02
9.985534139931202446e+01
1.004452103623747803e+02
1.007487841171026162e+02
1.010257999336719479e+02
9.823198987483978328e+01
9.787464374542236101e+01
9.687933468341826426e+01
9.585508128404616457e+01
9.471508696794509774e+01
9.357511431455611728e+01
9.258590527534484238e+01
9.129643529176711070e+01
8.961529756546019598e+01
8.964619647026061955e+01
9.866671816587447097e+01
9.926936201572416962e+01
9.924527898788451807e+01
9.891170965433120443e+01
9.795971321582793223e+01
9.627946464538572968e+01
9.525625105619430144e+01
9.414796799659728777e+01
9.256285516500471999e+01
9.160160579442977280e+01
9.074420155763625928e+01
9.073499490499496289e+01
9.272394007682800066e+01
9.691249438762663715e+01
9.955541419029235328e+01
9.871108044624327249e+01
9.791329790115355536e+01
9.706660686016081740e+01
9.625565043210983163e+01
9.542727619886397861e+01
9.444588739871977623e+01
9.339969656467437176e+01
9.242889196872710045e+01
9.152378693222999573e+01
9.075064719915388878e+01
9.017923014879225718e+01
9.098765843987465018e+01
9.753009535551070996e+01
9.932028317451477051e+01
9.861945702075956888e+01
9.787708670854567572e+01
9.710063799619673830e+01
9.643882343292236214e+01
9.574211811780928372e+01
9.498819665670394841e+01
9.404460731983184019e+01
9.302736377716064453e+01
9.209544571876524799e+01
9.125043107628822270e+01
9.051848742127418745e+01
9.010927632808684962e+01
9.517068826675414073e+01
9.913120511531829493e+01
9.821504766464232716e+01
9.756660391807555754e+01
9.685161822795866726e+01
8.037951500087976342e+01
8.050265281066297973e+01
8.082386103749274753e+01
8.122931291997433334e+01
8.169391006261110988e+01
8.219030474543571074e+01
8.261912342190743175e+01
8.294348742127418461e+01
8.286803111732005789e+01
8.217196575134992997e+01
7.999103343650698150e+01
8.022611342683434543e+01
8.036710003882646447e+01
8.047788028627634560e+01
8.062927737206220513e+01
8.081907945901156154e+01
8.097756900310515960e+01
8.113226852074265594e+01
8.143732985138893810e+01
8.166180084973574083e+01
8.182822973608971040e+01
8.179857529193162691e+01
8.139582639083266713e+01
8.067094329200685365e+01
8.015007048562169700e+01
8.034260161325335048e+01
8.048413010284303937e+01
8.066477970488369920e+01
8.085945250004529328e+01
8.107261506095528603e+01
8.133570637434721107e+01
8.162617527633905468e+01
8.189894688367843401e+01
8.213401440709829160e+01
8.228431596338748477e+01
8.232757855653763102e+01
8.198972363173962208e+01
8.047759804934263173e+01
7.999263370260595707e+01
8.026038183882832300e+01
8.037621412739157734e+01
8.052408446356653826e+01
8.067583659648894923e+01
8.085328449755907343e+01
8.105876822263002168e+01
8.131948155999184280e+01
8.160475712925195069e+01
8.186771225899458670e+01
8.209014890044927881e+01
8.222800986826419489e+01
8.216639269739388851e+01
8.086766291096806469e+01
7.987619053557514803e+01
8.023877365797757477e+01
8.035515024825930652e+01
8.048938343256712358e+01
6.440158090263605573e+01
6.483270233452320497e+01
6.604875801980496419e+01
6.746287201344966888e+01
6.966018821060657729e+01
7.285147474229336240e+01
7.636409163236618269e+01
7.978978572964668103e+01
8.201580115199088539e+01
7.895560149371624448e+01
6.444045802429319281e+01
6.352775448381900958e+01
6.487193369954825073e+01
6.645543869018554517e+01
6.783925080478191205e+01
6.919013714432716711e+01
7.019517983257770766e+01
7.132780351638794514e+01
7.295087409675122103e+01
7.434930970251561178e+01
7.536899444997311548e+01
7.534528886675835224e+01
7.276580645263194924e+01
6.810387205123902277e+01
6.437818227231502988e+01
6.517089827477931863e+01
6.657314090877771662e+01
6.783803227722644635e+01
6.899995980799198492e+01
7.012376135230064733e+01
7.144467423498630865e+01
7.289239637911319392e+01
7.430596609711646749e+01
7.567103841841220913e+01
7.680753818035125846e+01
7.770097070753574542e+01
7.629568465590477899e+01
6.724262431830167941e+01
6.401115538984537068e+01
6.501939004004002243e+01
6.614190342664718969e+01
6.730182560920715673e+01
6.835401080757380043e+01
6.942475011885166225e+01
7.055236391365528448e+01
7.194941155850887071e+01
7.351106370806694201e+01
7.503332028150558131e+01
7.645045158147812003e+01
7.761266575634479636e+01
7.789434987008571909e+01
7.017064681112766777e+01
6.349669740781188665e+01
6.446007718831300792e+01
6.561624456524849336e+01
6.672647983610630718e+01
1.280169902563094979e+02
1.289568966770171983e+02
1.314754963207244884e+02
1.343142103719711145e+02
1.372025226187705869e+02
1.398455331587791193e+02
1.417208355665206625e+02
1.435715015172958147e+02
1.440304303741454817e+02
1.383787886095046815e+02
1.242987885144352873e+02
1.265983397340774417e+02
1.277201277869939702e+02
1.282631248497962986e+02
1.291907410120963959e+02
1.303077560234069665e+02
1.318701064348220768e+02
1.340425981473922548e+02
1.351911178231239319e+02
1.365111500024795532e+02
1.372337082171439988e+02
1.374636284542083615e+02
1.355080353546142362e+02
1.303855273365974483e+02
1.259842240923643004e+02
1.270174935895204413e+02
1.285885587513446637e+02
1.300172888600826298e+02
1.315298401057720241e+02
1.330551021969318413e+02
1.348519630455970741e+02
1.367686342310905445e+02
1.385916222381591751e+02
1.402983811140060197e+02
1.416264541721343733e+02
1.423071049261092753e+02
1.399238079333305222e+02
1.294253809404373214e+02
1.248940738207101759e+02
1.262387010198831518e+02
1.273445010668039288e+02
1.286816638815402882e+02
1.300534800660610131e+02
1.315491280627250603e+02
1.331723765802383355e+02
1.351242693424224797e+02
1.372546049714088383e+02
1.393047700762748491e+02
1.411760758709907293e+02
1.424380235266685304e+02
1.419725434565543765e+02
1.325192504525184631e+02
1.246834824597835478e+02
1.258401725053787175e+02
1.268611543339490879e+02
1.279482097685337010e+02
