1.014737242650985678e+02
1.017975065737962694e+02
1.022992586344480515e+02
1.029076121401786850e+02
1.034706707620620705e+02
1.038161742126941647e+02
1.042120793318748468e+02
1.049398664140701243e+02
1.044839374375343368e+02
1.008956134474277491e+02
9.962013966023921796e+01
1.006156314179301319e+02
9.891317385673522722e+01
9.826818629741667621e+01
9.737019893884658472e+01
9.622756571054458163e+01
9.489245337724685214e+01
9.355065415859222355e+01
9.212045236587523789e+01
8.969953794479368980e+01
8.828208662748336621e+01
9.467367278575896705e+01
9.878131489753722860e+01
9.876421514034269933e+01
8.067322850212454455e+01
8.083954397425056015e+01
8.110966099604964086e+01
8.146811930358410336e+01
8.189162707746028502e+01
8.236285245925188292e+01
8.278185465812683219e+01
8.293646474301814919e+01
8.271216637670994487e+01
8.091067486733197711e+01
8.000748274177313135e+01
8.027589855015277465e+01
6.648252597749232962e+01
6.740504301667213838e+01
6.860254691004753624e+01
7.010235124289989983e+01
7.215388512432575396e+01
7.505211229741573220e+01
7.822995208740235284e+01
8.181477659940719604e+01
8.231370676875114611e+01
7.130334128558635598e+01
6.273943446457386131e+01
6.395141388505697932e+01
1.291142418193817036e+02
1.302128504490852379e+02
1.319811310601234311e+02
1.342560015368461563e+02
1.367710085797309887e+02
1.392647977304458493e+02
1.415572354865073805e+02
1.434234942364692529e+02
1.408126741456985087e+02
1.290338755047321229e+02
1.243305871236324265e+02
1.272424677848815833e+02
