1.017719514840841271e+02
1.023071354866027889e+02
1.029934234380721989e+02
1.034900975191593204e+02
9.887880497932432888e+01
9.751290599346160093e+01
9.609315055131911265e+01
9.477531521558761085e+01
8.099333072379231169e+01
8.123657610565423681e+01
8.157706570357083820e+01
8.197960916042327995e+01
6.725170815110206490e+01
6.847802731990815062e+01
7.053432042181492534e+01
7.273765266358851989e+01
1.308861854743957451e+02
1.321930789697170212e+02
1.345390794205665372e+02
1.369037566304206734e+02
