1.076078219836950325e+02
1.061759646105766421e+02
1.018335551343858327e+02
1.008293883175402925e+02
1.010440623034536856e+02
1.014881247887015405e+02
1.019743788459897047e+02
1.025331338396668457e+02
1.030768642985820804e+02
1.037199671256542217e+02
1.045268914490938243e+02
1.053842711788416011e+02
1.060140434122085651e+02
1.063918774670362524e+02
1.066729893988371032e+02
1.069620523899793767e+02
1.073129667443037079e+02
1.082344512420892784e+02
1.081297391855716796e+02
1.073128164309263326e+02
1.070331732940673959e+02
1.073489816999435504e+02
1.074979616940021572e+02
1.071585216927528421e+02
1.067214298284053910e+02
1.052408683294057852e+02
1.018628058260679268e+02
1.003279732610285322e+02
1.005096037340909305e+02
1.011656317298859449e+02
1.011709026595950149e+02
1.017578844970464758e+02
1.016787736594677085e+02
1.024245076422393339e+02
1.022435985276103025e+02
1.030395891726017084e+02
1.028518782156705953e+02
9.443036856263876189e+01
9.569779043167828547e+01
9.797025434255600373e+01
9.883196237564087028e+01
9.865718233346939314e+01
9.886160526394843373e+01
9.884852304220198960e+01
9.891516386628150315e+01
9.874155392825603883e+01
9.830157789826392900e+01
9.770742443203926086e+01
9.710184773504734324e+01
9.666199130237102111e+01
9.641146079480647302e+01
9.620092040538787614e+01
9.595794139981269666e+01
9.562485312759875455e+01
9.492892347037792433e+01
9.468855554789304563e+01
9.509839530378579298e+01
9.511178739130497206e+01
9.535173559844493241e+01
9.520904344111680473e+01
9.502402423784135976e+01
9.562416741132736320e+01
9.641563845276832012e+01
9.822805966615676709e+01
9.940811250925064257e+01
9.925033778071403390e+01
9.902824406564235460e+01
9.887600455582142445e+01
9.878636280596256825e+01
9.851415256679058530e+01
9.847214204132556858e+01
9.817274459540844589e+01
9.814943211674690815e+01
9.778632491827011108e+01
9.111668557703495708e+01
8.919922010898591225e+01
8.217648399516940572e+01
8.045624568745493832e+01
8.025339781746268386e+01
8.108331830531359685e+01
8.151460387393832718e+01
8.241725147813559715e+01
8.347845344737173434e+01
8.458196643486620303e+01
8.601397743761539516e+01
8.774216857969761918e+01
8.928827571213246017e+01
9.050273808717727775e+01
9.143012506544590678e+01
9.221135070502758424e+01
9.267747690379620451e+01
9.257618246436119591e+01
9.203815310239792780e+01
9.112736685276031778e+01
8.993469466567040627e+01
9.088502705276013671e+01
9.158001828551293499e+01
8.962249351620674531e+01
8.962170449674130168e+01
8.798936898052693323e+01
8.185431560248137828e+01
8.015481495484709740e+01
8.052913602843881336e+01
8.034741099253297136e+01
8.094573469236493679e+01
8.102505433738232909e+01
8.132349854096770514e+01
8.148842770144344172e+01
8.183102296486497096e+01
8.234151675209403720e+01
8.247047355145217296e+01
8.121017838567495062e+01
7.875114516168832779e+01
6.507740232162177563e+01
6.183739181905984594e+01
6.232155609391629270e+01
6.367238222584128238e+01
6.461499967202543360e+01
6.579865701422095015e+01
6.684267504885792732e+01
6.836616039276123047e+01
7.064241176247595888e+01
7.402009492665528967e+01
7.710848333984613134e+01
7.958990427851676941e+01
8.160743892341851335e+01
8.347286297380924225e+01
8.512520295977591900e+01
8.647636479735373882e+01
8.491541962325572968e+01
8.214619826078414633e+01
8.028854108601808548e+01
8.134166752398013500e+01
8.217849074900149731e+01
7.995526598095894144e+01
7.949599345475435541e+01
7.536508133411406618e+01
6.472785763218998056e+01
6.096056491136550193e+01
6.163326530084013655e+01
6.247787029296159034e+01
6.288280026428400760e+01
6.384490773826836829e+01
6.396738721020519591e+01
6.516481495872139362e+01
6.529648473709821133e+01
6.683050936087965965e+01
6.685923242717980486e+01
1.688021871900558324e+02
1.650200238275527909e+02
1.353121262414753403e+02
1.237933880303800009e+02
1.253007541465759260e+02
1.263572931419312937e+02
1.292606160651147320e+02
1.334952270694076901e+02
1.392362312749028206e+02
1.466865853759646257e+02
1.543813519889116321e+02
1.616410267996787979e+02
1.671511655062437001e+02
1.713756587970256646e+02
1.752239020639657952e+02
1.792548967194557008e+02
1.836053870201110669e+02
1.873362780636549019e+02
1.720828926944732586e+02
1.663498751270770981e+02
1.706323095721006382e+02
1.726643886244297050e+02
1.772124740445613895e+02
1.722895783942937840e+02
1.685109994554519517e+02
1.658949123644828774e+02
1.371786741994321233e+02
1.272279873007535826e+02
1.326564869932830391e+02
1.308957442939281464e+02
1.369272042886912857e+02
1.342726283191144319e+02
1.407828392998873994e+02
1.373921507254242727e+02
1.447328651382028966e+02
1.405462025776505470e+02
1.486109540033340295e+02
