1.010345417813211668e+02
1.010809956608712668e+02
1.014934414765238841e+02
1.020720303851366140e+02
1.030164026862382940e+02
1.042055162650346887e+02
1.053837411946058324e+02
1.062144182711839733e+02
1.066779730647802467e+02
1.070232111454010067e+02
1.074114803177118347e+02
1.078028399848938079e+02
1.082652706676721692e+02
1.088104650622606329e+02
1.083059265488386274e+02
1.075407899922132628e+02
1.070771490275859890e+02
1.065896147149801294e+02
1.057484033918380817e+02
1.023810335472226143e+02
1.001440648438036476e+02
1.004496737257391317e+02
1.006786688672751211e+02
1.012683561835438013e+02
1.016106823474168834e+02
1.015654726836085331e+02
1.023524675264954595e+02
1.024018380200862879e+02
1.025584251992404461e+02
1.033818423664569934e+02
1.032147651600837719e+02
1.039598828256130219e+02
1.039326333427429319e+02
1.047468076950311655e+02
1.046230032479763139e+02
1.052246727108955469e+02
1.051749578571319717e+02
1.055819689047336709e+02
1.055444132369756716e+02
1.058484401839971554e+02
1.059869999623298753e+02
1.061853041249513723e+02
1.063998026102781438e+02
1.065529298281669668e+02
1.069695240014791580e+02
1.069971155768632940e+02
1.072006820034980876e+02
1.079735124021768655e+02
1.078508242911100439e+02
1.077399189347028852e+02
1.075986243599653278e+02
1.066140205538272880e+02
1.039551278692484004e+02
1.007396177832782342e+02
1.002746985070407391e+02
1.006425234402716171e+02
1.009244577223062578e+02
1.012194559051841480e+02
1.014343909958004986e+02
1.017199896523356557e+02
1.019515096698701484e+02
1.022180909305810985e+02
1.024637277714908237e+02
1.027219663158059149e+02
1.029838235574960805e+02
1.032559989702701557e+02
1.035361824578046850e+02
1.038174479424953489e+02
1.040911456021666623e+02
1.043485867404937864e+02
1.045829103940725417e+02
1.047900836938619733e+02
1.049706975269317724e+02
1.051298793935775819e+02
1.052776290208101386e+02
1.054260919886827566e+02
1.055722257471084617e+02
1.057666787773370771e+02
1.059354178535938331e+02
1.060815781760215799e+02
1.062616594332456685e+02
1.064631441491842310e+02
1.067052257871627887e+02
1.069922705620527381e+02
1.073082428872585439e+02
1.075831356030702608e+02
1.078559984403848659e+02
1.078767468696832736e+02
1.076612506145238939e+02
1.064910078436136303e+02
1.035788562312722263e+02
1.004377270517498317e+02
1.003051965729892316e+02
1.006330184677988342e+02
1.010402211325615696e+02
1.011226010431349351e+02
1.016150709149241465e+02
1.016021114073693781e+02
1.020509882940352071e+02
1.020808292248845106e+02
1.027281767851114296e+02
1.025701101206243067e+02
1.033070407283306196e+02
1.031277077984809978e+02
9.936848868131637857e+01
9.913890944898128055e+01
9.899998610675335442e+01
9.870024861454963627e+01
9.826760551214218253e+01
9.763948115944862138e+01
9.691835883378982430e+01
9.633735844790935232e+01
9.602967129588127193e+01
9.584513751149177097e+01
9.562115873277187461e+01
9.531357393205165351e+01
9.480450627028942279e+01
9.448019537255167677e+01
9.435623322337865204e+01
9.471734391525387764e+01
9.506538410142063356e+01
9.535736229598521163e+01
9.617961896121501297e+01
9.813214749276637860e+01
9.940929536044598080e+01
9.958145250976085094e+01
9.923021618843078784e+01
9.896226758778095700e+01
9.907647290170193344e+01
9.868787835299968947e+01
9.849372167110442433e+01
9.848289305269717886e+01
9.812379480123519215e+01
9.790527588367461931e+01
9.770571632742881718e+01
9.763178006708622547e+01
9.723047633528709355e+01
9.709153387248515799e+01
9.674809499621390785e+01
9.679343137681483711e+01
9.641748902440070879e+01
9.658288573861122472e+01
9.617475521206856115e+01
9.644113105177879675e+01
9.595564393162726446e+01
9.625064439535140082e+01
9.572321198463440339e+01
9.602508273303509156e+01
9.545758372187614782e+01
9.566362740218639260e+01
9.562137993156909488e+01
9.501996224060654583e+01
9.507486500054596945e+01
9.521850165799260424e+01
9.521161928236483618e+01
9.578418093413114320e+01
9.717580649018287886e+01
9.903550013601780222e+01
9.934401247203349783e+01
9.913192481577397075e+01
9.897169515550136509e+01
9.875466464340686912e+01
9.861351394176483609e+01
9.844460466563701573e+01
9.829040286004543248e+01
9.814244598388671648e+01
9.798609480082988910e+01
9.783720251619816111e+01
9.767840652406215440e+01
9.751673307299613214e+01
9.734911649763583341e+01
9.718123635828494855e+01
9.701830844759940931e+01
9.686623802363872926e+01
9.673030911326408443e+01
9.661447817564010165e+01
9.651994680762290102e+01
9.644541481018066520e+01
9.638905823051929644e+01
9.634551618456839606e+01
9.631644653856754701e+01
9.656259993433951649e+01
9.647913263022898889e+01
9.639252542793749967e+01
9.628698548316955907e+01
9.614123272180556512e+01
9.596282089531420922e+01
9.571169502556323039e+01
9.558048271089792536e+01
9.517660951137541758e+01
9.525369757339358046e+01
9.517191765993833030e+01
9.520502371534705333e+01
9.584260572254657973e+01
9.749258678734302919e+01
9.934764500617980332e+01
9.949914593696594522e+01
9.925015632271767174e+01
9.919976086318493458e+01
9.875369811713694901e+01
9.890106675446033080e+01
9.848028140723705803e+01
9.851679120600223882e+01
9.821003908753395706e+01
9.840267474651336954e+01
9.789750543236732483e+01
9.812045057535171111e+01
9.758024562120436940e+01
8.289089895978570155e+01
8.173423918709160318e+01
8.245787815064193182e+01
8.338296884134412323e+01
8.458797081276775032e+01
8.634350509315730449e+01
8.833412230253220798e+01
9.001176199138164691e+01
9.121543106198311079e+01
9.221961914718151831e+01
9.312306811809540363e+01
9.380022148787975311e+01
9.369943298459052983e+01
9.305960806548596054e+01
9.190529186129570860e+01
9.118826590478420258e+01
9.042650916993618182e+01
8.906536386013031859e+01
8.810191327154636554e+01
8.367592092737555731e+01
7.951843793034554153e+01
8.038313851669430221e+01
8.078627626761793579e+01
8.039934533789754312e+01
8.130576818943023909e+01
8.151612770542503483e+01
8.124061294957996893e+01
8.209015653222800779e+01
8.236650307118893011e+01
8.256348238304258302e+01
8.290735182255507141e+01
8.380740168556572200e+01
8.419504333510995764e+01
8.521147176235915310e+01
8.521182531535626481e+01
8.642878484666347561e+01
8.634277690649032877e+01
8.757731771886349748e+01
8.705925476551055908e+01
8.848098833799362239e+01
8.796359755694867033e+01
8.943550674438476733e+01
8.868993514776229858e+01
9.035647676587105082e+01
8.957104824244976271e+01
9.119615128099918877e+01
9.101352640151978335e+01
9.089611307740211998e+01
9.219368389666081498e+01
9.157096323311328945e+01
9.139237981975078640e+01
8.962262602329255401e+01
8.624444821655751525e+01
8.067246171548963218e+01
8.051153577476739542e+01
8.035774413600563548e+01
8.099717394307256768e+01
8.083464045047759328e+01
8.125041877508164134e+01
8.125080876752734582e+01
8.155100628077984481e+01
8.167943485870958398e+01
8.192839007496834824e+01
8.215186568439007431e+01
8.243293700441718386e+01
8.274544984668493441e+01
8.310079620674252965e+01
8.348467405274510611e+01
8.388606210783125050e+01
8.429094714537264110e+01
8.468798685997725784e+01
8.506892063945532811e+01
8.543255080044269789e+01
8.578653384327888887e+01
8.615797650158405929e+01
8.657048973113299439e+01
8.698894289195538931e+01
8.875832446396351827e+01
8.894255990684033009e+01
8.933341846704483658e+01
8.975025805294514214e+01
9.016980680644512347e+01
9.064694795787335124e+01
9.118732028603554340e+01
9.079415489792823735e+01
9.172171413540840490e+01
9.210851797878743241e+01
9.161834053933621647e+01
9.075352220237255096e+01
8.926588442385197197e+01
8.522104058086873124e+01
8.038742301285266478e+01
8.019566207095981270e+01
8.039238871589303415e+01
8.083670123681426389e+01
8.066206563115119366e+01
8.132268241778017170e+01
8.110368765592575357e+01
8.142747474312783140e+01
8.135095641836524294e+01
8.243398953229190340e+01
8.172798515379429318e+01
8.317580304726959639e+01
8.229698292747140442e+01
6.576622273325919821e+01
6.364298451095819331e+01
6.494521296024322510e+01
6.681924946308136271e+01
6.906409276872872738e+01
7.227819501757620912e+01
7.577134668231009584e+01
7.877629103660582643e+01
8.106949926465749456e+01
8.311592078208923340e+01
8.511330531835555746e+01
8.679148395657539083e+01
8.740911502242087749e+01
8.698148882389067182e+01
8.474736608564853668e+01
8.257936149835586548e+01
8.085047544389962582e+01
7.857079256027937220e+01
7.643369102180004404e+01
6.719305786937475489e+01
6.007004432082175782e+01
6.139511629343032695e+01
6.200559168159961132e+01
6.267179032340645506e+01
6.368495710566639190e+01
6.388213189467787601e+01
6.494883514977991013e+01
6.563521012216806128e+01
6.624037119597196011e+01
6.765364861488342285e+01
6.779117592275142101e+01
6.957540776431559948e+01
7.013701450973748308e+01
7.218285590708255484e+01
7.226055315136909485e+01
7.403750888854264645e+01
7.420666439533233927e+01
7.575027071237563803e+01
7.543754843324423121e+01
7.701804028749465658e+01
7.688923549950122549e+01
7.850225551575421434e+01
7.813339884877204611e+01
7.997574370205401806e+01
7.983024103790521053e+01
8.146943638324736980e+01
8.161295912861824320e+01
8.291829665899275881e+01
8.335274444818496420e+01
8.298567864298820496e+01
8.230941919088363079e+01
7.953892104625701620e+01
7.216011597663164423e+01
6.253376576974987699e+01
6.139083726033567956e+01
6.163149321526288560e+01
6.263612070754169991e+01
6.277217505425214483e+01
6.344404702447354083e+01
6.383424026221036485e+01
6.445718855597078800e+01
6.499164328575133709e+01
6.562160125598310856e+01
6.625566279888153076e+01
6.695372466593980221e+01
6.769953507781028179e+01
6.849894055724143982e+01
6.932863659262656597e+01
7.016437921449541193e+01
7.097781829088926031e+01
7.174363896101712612e+01
7.244306954890488726e+01
7.307202849537134171e+01
7.364334707260131552e+01
7.419590109586715698e+01
7.477376803755760193e+01
7.536248633265495300e+01
7.701982855945824724e+01
7.738294359147548107e+01
7.804271105825900179e+01
7.875889390856026750e+01
7.952536462396382433e+01
8.039033014774322794e+01
8.135811418741941736e+01
8.150316363275051401e+01
8.281765618324278933e+01
8.357391523122787191e+01
8.323381983041763021e+01
8.245599274635314657e+01
7.935078085064887432e+01
7.121507445722818375e+01
6.200470984727143531e+01
6.128381805345415501e+01
6.186311522424220755e+01
6.275595791377126886e+01
6.244127384461462071e+01
6.385389021150767519e+01
6.346285787150263502e+01
6.458531901910900785e+01
6.444779332987964438e+01
6.634895983487366777e+01
6.570140596777200415e+01
6.782531624883412746e+01
6.714425915181637095e+01
1.362853785927593719e+02
1.305525869344174907e+02
1.395468230912089211e+02
1.475208735376596394e+02
1.532011970651149682e+02
1.602058054929971718e+02
1.665295963221788327e+02
1.711116644883155686e+02
1.740623499977588722e+02
1.768057413589954194e+02
1.799658234769105718e+02
1.833676584041118645e+02
1.879561062419414554e+02
1.889148040258884294e+02
1.721288395839929422e+02
1.657212997502088569e+02
1.690105596774816377e+02
1.682981027626991306e+02
1.636546475762128807e+02
1.450801280182599839e+02
1.245208935002982571e+02
1.279471717871725502e+02
1.344611102673411267e+02
1.330309312507510242e+02
1.346628018710017045e+02
1.414783093598484811e+02
1.387602785490453243e+02
1.430144412289559739e+02
1.481907661744952236e+02
1.431119676737487225e+02
1.502353786611556927e+02
1.491857690495252484e+02
1.568497788977622918e+02
1.518938884770870175e+02
1.603891954511404094e+02
1.564363834011554673e+02
1.645529463154077519e+02
1.578527729290723869e+02
1.660621573555469581e+02
1.608927798664569764e+02
1.689180514258146104e+02
1.633422123420238563e+02
1.706369482380151794e+02
1.677057933193445081e+02
1.734282443672418594e+02
1.723154404628276666e+02
1.719811372321844090e+02
1.782789696049690065e+02
1.820305960875749633e+02
1.763348986959457250e+02
1.796869131463766109e+02
1.708330854910612118e+02
1.599890593099594014e+02
1.303434011743962628e+02
1.315935547716915437e+02
1.312015001504123290e+02
1.367179537680744943e+02
1.362959737274050553e+02
1.398480667908489750e+02
1.403828688253462360e+02
1.428465953198075340e+02
1.440043566320836419e+02
1.457941813570261047e+02
1.472204747378825971e+02
1.488059888201951821e+02
1.503594539380073343e+02
1.519497271710634152e+02
1.534973969686031410e+02
1.549604562950134152e+02
1.562892533522844190e+02
1.574591851383447647e+02
1.584674503809213491e+02
1.593518090254068227e+02
1.601988535183668034e+02
1.612009017437696343e+02
1.624209853398799908e+02
1.631137490093707925e+02
1.609682033693790402e+02
1.619797457993030605e+02
1.634529860937595345e+02
1.653853157562017486e+02
1.673067776870727528e+02
1.698904362863302140e+02
1.733215369784831807e+02
1.750381867486238434e+02
1.780957182043790681e+02
1.812633005028962998e+02
1.793986712658405338e+02
1.745490544885396957e+02
1.675774227583408162e+02
1.501628769153356586e+02
1.257743589243292774e+02
1.257134839645027995e+02
1.291598967723548412e+02
1.300389209510385911e+02
1.357251105836033673e+02
1.330920788075029861e+02
1.399893488073348919e+02
1.368141563858091843e+02
1.426183910295367241e+02
1.388798205842077778e+02
1.450987143091857376e+02
1.420152063243091050e+02
1.482935638305544899e+02
