1.000668889489769953e+02
1.003120274257659901e+02
1.007365120148658804e+02
1.012781119239330252e+02
1.019533426815271326e+02
1.026261205464601574e+02
1.032217412269115471e+02
1.038506916785240151e+02
1.044734084439277666e+02
1.046398174691200325e+02
1.025300805604457821e+02
9.989010601639746767e+01
1.004952189442515333e+02
1.009985128754377399e+02
1.012448702391982067e+02
1.013974968022108101e+02
1.013647821241617208e+02
1.016983795046806307e+02
1.021217835032939973e+02
1.024689426922798106e+02
1.028877280020713840e+02
1.032144660997390702e+02
1.034447588706016603e+02
1.032793702793121327e+02
1.021506699627637857e+02
1.004058204519748614e+02
1.004621211260557203e+02
1.008936623370647396e+02
1.012225270813703588e+02
1.015159589612484012e+02
1.017974628090858431e+02
1.020830929529666946e+02
1.024279147881269409e+02
1.027912266564369190e+02
1.031435609030723555e+02
1.035289984583854732e+02
1.038943978238105785e+02
1.041271121358871454e+02
1.029906091284751852e+02
1.002806253707408928e+02
1.003059641832113300e+02
1.006512067961692765e+02
1.009524652385711647e+02
1.012560341393947567e+02
1.015245381176471682e+02
1.018042632085084875e+02
1.020977603375911684e+02
1.024567783308029192e+02
1.028422833633422897e+02
1.032227689814567526e+02
1.036182600069046060e+02
1.039736090850830124e+02
1.039807228398323105e+02
1.014694230693578731e+02
9.983281132638454380e+01
1.004124076774716343e+02
1.006931488257646521e+02
1.009730395859479870e+02
1.012375546097755432e+02
1.015069563215971016e+02
1.017869877654314053e+02
1.020846568650007242e+02
1.024391893732547771e+02
1.028035176968574547e+02
1.031808026027679404e+02
1.035718786442279793e+02
1.038812836885452242e+02
1.034553744387626608e+02
1.002901102179288841e+02
1.000318939703702910e+02
1.004733372256159782e+02
1.007642118936777109e+02
1.010704373919963786e+02
1.013470227229595224e+02
1.016254759317636456e+02
1.019044474738836215e+02
1.022200777697563154e+02
1.025773875069618271e+02
1.029358246231079050e+02
1.033215540492534643e+02
1.037109597110748354e+02
1.040093019914627064e+02
1.033686496520042368e+02
1.001490637177228962e+02
1.001991777327656763e+02
1.005254800930619155e+02
1.008186644238233498e+02
1.011257001262903259e+02
1.013945970320701662e+02
1.016692295020818761e+02
1.019489133745431957e+02
1.022798961716890318e+02
1.026497967773675981e+02
1.030195052957534756e+02
1.034150542497634859e+02
1.037768394458293955e+02
1.039377041983604499e+02
1.021148378050327352e+02
9.982136582016944715e+01
1.003970197665691302e+02
1.006688333913683948e+02
1.009576545396447216e+02
1.012420568844676012e+02
1.015060124361515079e+02
9.785792210102080446e+01
9.726758168697357121e+01
9.645796637773513282e+01
9.549428192138671534e+01
9.445065713405608676e+01
9.358229451894759165e+01
9.290955308675765423e+01
9.213972233295440617e+01
9.116432031869888419e+01
8.998261838912964095e+01
9.254762135505676213e+01
9.910819636106489838e+01
9.961876974582671096e+01
9.933993026971816676e+01
9.858441462993620519e+01
9.682250945091246308e+01
9.586310928821562527e+01
9.505657599210738340e+01
9.369462946653365520e+01
9.262927599430084058e+01
9.161622861742972646e+01
9.087792055606841757e+01
9.067218190193176497e+01
9.151434543609619254e+01
9.475432503223419189e+01
9.931910551071166537e+01
9.908887420654296818e+01
9.817275023460388184e+01
9.733978153705596981e+01
9.658803619384765682e+01
9.582547327995300179e+01
9.501187990903854086e+01
9.402368704795836152e+01
9.299106790304183789e+01
9.206436465024947324e+01
9.122366384148597263e+01
9.053428396940230982e+01
9.005957123517990226e+01
9.254688679218291725e+01
9.910553775548933686e+01
9.884197836875914334e+01
9.832880053520202068e+01
9.752365759134292489e+01
9.682868135452270053e+01
9.620624861717223553e+01
9.554232390880584092e+01
9.481603323698043084e+01
9.390527767896651312e+01
9.293249586820601849e+01
9.202408776044845240e+01
9.118136887311935368e+01
9.040578174591064453e+01
8.998969914197921582e+01
9.557777198314666123e+01
9.906463953971862679e+01
9.821739905357360101e+01
9.759714440345763364e+01
9.693501671552657228e+01
9.638599103212355601e+01
9.581692438602446771e+01
9.519681054353713989e+01
9.449866465806960036e+01
9.362624028444290047e+01
9.271219691753387337e+01
9.180985732316970882e+01
9.095747489690779730e+01
9.019827758073806478e+01
9.057153694152832202e+01
9.796378580570220151e+01
9.863055226802825359e+01
9.820098462581633214e+01
9.758597136735915001e+01
9.696693869113921949e+01
9.640105350971221299e+01
9.580080732822418099e+01
9.516454885721205414e+01
9.439605528354644548e+01
9.348360117197036345e+01
9.256293787717818589e+01
9.164560374736785775e+01
9.080540758132934798e+01
9.005876725316046816e+01
9.095085004568099407e+01
9.852959615230560075e+01
9.844674809455871412e+01
9.812729989528655494e+01
9.747177539587019623e+01
9.682507155895233097e+01
9.623841183662413812e+01
9.560986726045608464e+01
9.493668371200560330e+01
9.410381840467452719e+01
9.315007417917250621e+01
9.221805076122284106e+01
9.131861987829208260e+01
9.054853409528732300e+01
9.000637253761290424e+01
9.390589014291762737e+01
9.917519026756285427e+01
9.827056722640990927e+01
9.783444858312606129e+01
9.718444019794463884e+01
9.659898177146911280e+01
9.602359158277511142e+01
8.017802025333047311e+01
8.028588168606161446e+01
8.047274959109724080e+01
8.075961715847253686e+01
8.118427180126309395e+01
8.168030797392130182e+01
8.216591791599988426e+01
8.263282524585723365e+01
8.293636916339397658e+01
8.277195316314697493e+01
8.154137450575828439e+01
8.012642344594001997e+01
8.028392897009850060e+01
8.044484215892850898e+01
8.052106327302753641e+01
8.066837311781942788e+01
8.082300809323787405e+01
8.092053116977214700e+01
8.117456466883420774e+01
8.146000178843736705e+01
8.171295897781848794e+01
8.191332971245050487e+01
8.197351266950369109e+01
8.181390006482601507e+01
8.117635349690914381e+01
8.020923972725867657e+01
8.025260525897145669e+01
8.039111389994621959e+01
8.053644657112657512e+01
8.071346735075115930e+01
8.090889088749885616e+01
8.113275386437773307e+01
8.141088624194264867e+01
8.170909475594758931e+01
8.197835346579552152e+01
8.220359204471111525e+01
8.233880258262158236e+01
8.235968240171671084e+01
8.160972848176956518e+01
8.007195812433957371e+01
8.014912568449973662e+01
8.029250282600521871e+01
8.041854165919124853e+01
8.056484977930784908e+01
8.071845225237309762e+01
8.089848361700772728e+01
8.110626462951302074e+01
8.136520835861563228e+01
8.164389352232217334e+01
8.190276002585888193e+01
8.212664023131132751e+01
8.227469947576523168e+01
8.219756914317608221e+01
8.078305096209049907e+01
7.987653121113777388e+01
8.023515184819697765e+01
8.034885766327380452e+01
8.047765142329036792e+01
8.061638468503952026e+01
8.077250629588961317e+01
8.095245943933726096e+01
8.116074605420232047e+01
8.141502438947559028e+01
8.167939858227968841e+01
8.193150213479995614e+01
8.214493888109922182e+01
8.226010609477758351e+01
8.194744419276715064e+01
8.019231035947800024e+01
8.004313030540943430e+01
8.024280609652400642e+01
8.035842367723584800e+01
8.050114124141633454e+01
8.065000698223710174e+01
8.081886804103851318e+01
8.100808401018380778e+01
8.123674717932939870e+01
8.150299980610608941e+01
8.176837091863156104e+01
8.201902259588241861e+01
8.221486351430415596e+01
8.229742145359516314e+01
8.183199335694312992e+01
8.002566589951514686e+01
8.008079828724265781e+01
8.023763077154755763e+01
8.036163884073495467e+01
8.051008416973054693e+01
8.066181448556483247e+01
8.083622466012835162e+01
8.103278519615531650e+01
8.127437576919794537e+01
8.154712452054023686e+01
8.180969334930180992e+01
8.204783258020877668e+01
8.220578760564326615e+01
8.219775718569755441e+01
8.110891410708427429e+01
7.982816982597113054e+01
8.018656398087739490e+01
8.029157179042697123e+01
8.042483411431312845e+01
8.057539228111505736e+01
8.073634871453046458e+01
6.371657664343715055e+01
6.451904434785247133e+01
6.612187431514263380e+01
6.815424133837223053e+01
7.028092471539974895e+01
7.214360307276248818e+01
7.409740408122539179e+01
7.674007121086120264e+01
7.952625419497489645e+01
8.092552768349648318e+01
7.462930760622025161e+01
6.461160689234733923e+01
6.414333110466600374e+01
6.556686460644007752e+01
6.685863089025021111e+01
6.809260821461677438e+01
6.898206718146801109e+01
7.004575005769730467e+01
7.155077897250652086e+01
7.325658873438835883e+01
7.479478945076465379e+01
7.613041634380817868e+01
7.649303621828556743e+01
7.536000519812107257e+01
7.129105040431022644e+01
6.518031052976847661e+01
6.461095410972833974e+01
6.593378298193216835e+01
6.711356078088283539e+01
6.821414763450623298e+01
6.930374453008175806e+01
7.045681046426297200e+01
7.187625464558601607e+01
7.344713743150234109e+01
7.498029924631119059e+01
7.645226660728454249e+01
7.764877827107906683e+01
7.837246526777744293e+01
7.422000536084175337e+01
6.495738787651062296e+01
6.436801191911101228e+01
6.541056871891022695e+01
6.649408342123031446e+01
6.757145500391722237e+01
6.856698331296443882e+01
6.960326904773712897e+01
7.072978616774082639e+01
7.213511747896671977e+01
7.370874485313892421e+01
7.528836506187916200e+01
7.681644619703293131e+01
7.808739132642746483e+01
7.816720604181290355e+01
6.958083305418492159e+01
6.343321531355381637e+01
6.443606059044600443e+01
6.556389255970717045e+01
6.665826202154160285e+01
6.768541576266288473e+01
6.870450865387917361e+01
6.976164049386979116e+01
7.091679069042206152e+01
7.233318855285644133e+01
7.387670669138431379e+01
7.546996048271655866e+01
7.697331827402115323e+01
7.806044910192490249e+01
7.669618913233280466e+01
6.596804391503334841e+01
6.353007868006825731e+01
6.464352361053228435e+01
6.573057726502419484e+01
6.684192661821842307e+01
6.787276727557183165e+01
6.891333294332028458e+01
6.997982075393200319e+01
7.122580695748330015e+01
7.271121177613736108e+01
7.428686306655407634e+01
7.592067061543464490e+01
7.737894868969917184e+01
7.832116641819477820e+01
7.596065688729287046e+01
6.484168172210455339e+01
6.371372760996222695e+01
6.474678975909948520e+01
6.585441970199346429e+01
6.700500854372978665e+01
6.806218564331531695e+01
6.914082275390624943e+01
7.025989176928997892e+01
7.160448122262954485e+01
7.317013246357441858e+01
7.478610657155513763e+01
7.639599384427070561e+01
7.764676595985889662e+01
7.801022487759590263e+01
7.156013610363007160e+01
6.329819723814726018e+01
6.411773941487074069e+01
6.520127326548099234e+01
6.629648989409209037e+01
6.737188978314399890e+01
6.840127517044544447e+01
1.250993736577033957e+02
1.258008035880327213e+02
1.276001346087455630e+02
1.305666542947292328e+02
1.343132220959663243e+02
1.377096656703948838e+02
1.403938315868377344e+02
1.427546302795409758e+02
1.444998676919936997e+02
1.441039833855628842e+02
1.350688906645774807e+02
1.258487266868352776e+02
1.270475495076179442e+02
1.277974738514423336e+02
1.282801218503713585e+02
1.290538026297092244e+02
1.305272465300560043e+02
1.327202558469772384e+02
1.340070461094379368e+02
1.356805775713920639e+02
1.373989181303977887e+02
1.387210263109207062e+02
1.395752282762527159e+02
1.386661946034431310e+02
1.340795372939109598e+02
1.270356446146964942e+02
1.262595858609676327e+02
1.278089638549089386e+02
1.292093431842326936e+02
1.305602035665511949e+02
1.320270827865600438e+02
1.336092215085029409e+02
1.354838029098510788e+02
1.374869161319732598e+02
1.393843729114532266e+02
1.411745779180526483e+02
1.424521473789214951e+02
1.427246069931983641e+02
1.374320284843444711e+02
1.266739298993348939e+02
1.254867902827262753e+02
1.267298431164026198e+02
1.278342586445808280e+02
1.291569365859031677e+02
1.305132822108268726e+02
1.319904461312293904e+02
1.335848378181457292e+02
1.354937644004821777e+02
1.375729852342605568e+02
1.396186544084548586e+02
1.415387358713149695e+02
1.428660920667647929e+02
1.421107011270522946e+02
1.317196957993507169e+02
1.245907704645395171e+02
1.257443729245662638e+02
1.267020180708169903e+02
1.278274277305603022e+02
1.290857195937633435e+02
1.304517708349227689e+02
1.319134269022941623e+02
1.334891780877113376e+02
1.353211455249786184e+02
1.372165325188636587e+02
1.390956575036048548e+02
1.408228925466537191e+02
1.419033123397827012e+02
1.397890791869163252e+02
1.277429290962219142e+02
1.253455123949050858e+02
1.263274713063240000e+02
1.273376178383827124e+02
1.285751243096590031e+02
1.298575113570690007e+02
1.312206350636482171e+02
1.326431682467460575e+02
1.342532293915748483e+02
1.360873432731628441e+02
1.379576918697356973e+02
1.398580658245086283e+02
1.415432981014251368e+02
1.425098921179771025e+02
1.393882845783233506e+02
1.269263567239046040e+02
1.255063719254732035e+02
1.263638142758607756e+02
1.274159889543056465e+02
1.286789601075649045e+02
1.299565565025806393e+02
1.313260739612579187e+02
1.327760716867446718e+02
1.344803836989402726e+02
1.364069811534881467e+02
1.383493599462508996e+02
1.402772585272788604e+02
1.417518201947212049e+02
1.419260861968993765e+02
1.342507763123512063e+02
1.248862991756200671e+02
1.257832979464530894e+02
1.267240973377227675e+02
1.278497618359327248e+02
1.291100079786777428e+02
1.304163959407806317e+02
