1.009456788438558590e+02
1.012338836258649764e+02
1.016266930681467073e+02
1.020971221685409489e+02
1.026388689678907440e+02
1.032062065052986100e+02
1.038596024918556253e+02
1.045765028238296566e+02
1.042890141916275013e+02
1.009241980099677960e+02
1.000593357169628064e+02
1.007320284396409988e+02
1.011281745830178238e+02
1.014347663521766663e+02
1.017255764871835737e+02
1.016942240852117578e+02
1.018662784397602081e+02
1.023013922834396396e+02
1.026018347924947705e+02
1.028715582942962641e+02
1.030544139385223446e+02
1.028781175899505627e+02
1.021481585049629217e+02
1.006136927208304428e+02
1.005231922331452381e+02
1.009877380037307688e+02
1.013383549231290743e+02
1.016547366988658894e+02
1.019500701951980517e+02
1.022766846376657526e+02
1.026348125362396217e+02
1.029639909541606926e+02
1.033012526345252979e+02
1.036462076735496538e+02
1.039854366970062216e+02
1.039545919656753483e+02
9.739923091173172054e+01
9.679338294982909474e+01
9.594447837352751662e+01
9.508059206247328632e+01
9.411678255319594655e+01
9.315660253286361581e+01
9.207389328956602981e+01
9.047769998073577824e+01
8.940385915637016012e+01
9.551101242780684686e+01
9.926234428167342116e+01
9.943232173681258246e+01
9.918284114360808701e+01
9.842768096923828125e+01
9.678894012451171136e+01
9.517636685132980290e+01
9.423633906126022453e+01
9.290342549324034849e+01
9.174644170284270217e+01
9.096927221298217603e+01
9.074195995926856995e+01
9.214329766511916375e+01
9.498667337417602141e+01
9.896283660888671818e+01
9.905586023330687340e+01
9.817133821964263518e+01
9.732886943817138103e+01
9.649875627994536842e+01
9.566907440662383522e+01
9.471049644231796094e+01
9.363647099256515105e+01
9.262787185668945256e+01
9.170527861118316082e+01
9.092300312161445675e+01
9.033329437255858352e+01
9.047936308622360002e+01
8.045319273598492771e+01
8.060560764953494584e+01
8.087464117586613099e+01
8.125860642984510207e+01
8.173241202861071031e+01
8.218998337626457840e+01
8.255463262885808717e+01
8.278419324219227349e+01
8.247351219326257876e+01
8.075570081800222511e+01
8.021762969627975792e+01
8.039742726311087040e+01
8.048915972083807446e+01
8.061114395208656447e+01
8.080965335145592121e+01
8.100172138541937272e+01
8.112050772503017981e+01
8.133263198301196439e+01
8.158750985532999778e+01
8.175474735915661029e+01
8.180103958398103714e+01
8.156956876337528684e+01
8.116646602720022941e+01
8.035932519048452605e+01
8.028831255987286397e+01
8.043036561191081546e+01
8.059775436356663647e+01
8.079526108592749267e+01
8.100690216466784932e+01
8.126346887007355235e+01
8.155968008160591864e+01
8.184222799539566040e+01
8.208618321180343003e+01
8.225133995413780497e+01
8.232770426452159995e+01
8.220121398210525854e+01
6.628793350964784281e+01
6.733055384695529710e+01
6.878538406848907982e+01
7.026753715932369460e+01
7.206763774394988786e+01
7.433329708993434792e+01
7.709732144057750247e+01
8.024827238917350769e+01
8.016156661033630826e+01
6.964172113537789244e+01
6.360128362789750156e+01
6.425921220481396290e+01
6.592182922661304190e+01
6.740876822948456493e+01
6.899238869011402642e+01
7.022536798238753875e+01
7.106998861670494705e+01
7.230203254401683921e+01
7.373546658217907179e+01
7.478227459251880305e+01
7.509972771227360511e+01
7.356906213819981133e+01
7.080715918600559178e+01
6.586965651869773808e+01
6.476373976752162775e+01
6.607805896550416946e+01
6.736508401662111112e+01
6.856022106528283189e+01
6.968943867444991724e+01
7.096805820643902507e+01
7.242568175733089220e+01
7.382858529746532383e+01
7.515214180469513394e+01
7.630032550513745093e+01
7.739240587592125564e+01
7.740518648922443390e+01
1.282182660281658002e+02
1.296120988059043668e+02
1.317400642299652134e+02
1.342480103826522679e+02
1.370387650775909378e+02
1.396716276597976503e+02
1.418340853667259012e+02
1.436860151505470071e+02
1.412614757633209024e+02
1.287017495036125183e+02
1.258369595724344236e+02
1.275124893409013680e+02
1.280244106137752453e+02
1.288228070986270950e+02
1.302530765974521501e+02
1.312723838472366253e+02
1.333586427807807695e+02
1.348729530334472599e+02
1.355758679676055749e+02
1.364266057872772251e+02
1.369641657781600941e+02
1.364051268410682667e+02
1.334807062625884839e+02
1.275277413195371565e+02
1.264628801399469324e+02
1.280371401059627487e+02
1.294874714004993450e+02
1.309567508673667930e+02
1.325022612214088440e+02
1.342497186291217588e+02
1.361799014329910165e+02
1.379922773861885048e+02
1.396345372676849195e+02
1.409733549785613889e+02
1.419755207157134862e+02
1.411438895654678163e+02
