1.026454211020469671e+02
1.030574822425842285e+02
1.035037046837806685e+02
1.041131488060951256e+02
1.048115209102630700e+02
1.034143011784553465e+02
1.002707852336764347e+02
1.001963413020968403e+02
1.007751924595236801e+02
1.017905586475133930e+02
1.017867773765325552e+02
1.020276884210109642e+02
1.023780470490455627e+02
1.027567738032340969e+02
1.030474771523475681e+02
1.029296953356266044e+02
1.030135946726799006e+02
1.029055916428565922e+02
1.025836729151010474e+02
1.019802544772624913e+02
1.009548936229944189e+02
1.008801522505283401e+02
1.010307778909802465e+02
1.015878752022981644e+02
1.018842294508218771e+02
1.022588821083307238e+02
1.025972426807880424e+02
1.029157800674438477e+02
1.031360270071029674e+02
1.033430076694488520e+02
1.035440659320354513e+02
1.037525339579582209e+02
1.024404335641860939e+02
1.001466950920224122e+02
1.004433580011129408e+02
1.008056633606553021e+02
1.011763128998875629e+02
1.015334296745061806e+02
1.018555591094493877e+02
1.021947930663824025e+02
1.025881862503290165e+02
1.029781882262229971e+02
1.033181792330741899e+02
1.036667697668075618e+02
1.040030956780910572e+02
1.040488735651969989e+02
1.017699150723218935e+02
9.991776706397533303e+01
1.004731803092360423e+02
1.008044092231988884e+02
1.011221084758639392e+02
1.014085614758729861e+02
1.016785604566335621e+02
1.019501513588428452e+02
1.022567772644758293e+02
1.026182833212614014e+02
1.029922244441509207e+02
1.034327355110645357e+02
1.038025072097778292e+02
1.037899583554267906e+02
1.012533447581529629e+02
9.966946678578852925e+01
9.580657059431075595e+01
9.502353247880935783e+01
9.363864218711852061e+01
9.178808334350586051e+01
8.879379533529281332e+01
8.983176418542861086e+01
9.684531930208206063e+01
9.735393713474273625e+01
9.694639554738998299e+01
9.652697983980178265e+01
9.766073529481887761e+01
9.782862623691558213e+01
9.737589327812193574e+01
9.635768377542494534e+01
9.420405374288557709e+01
9.157619986414908908e+01
9.042786589622497218e+01
8.963773028850555136e+01
9.218665164470671414e+01
9.653185198068618433e+01
9.973275499820708490e+01
9.957091090679168133e+01
9.833476368904112519e+01
9.741922756433486086e+01
9.616360852241516000e+01
9.526960611820220493e+01
9.398747979402541830e+01
9.288168105363845939e+01
9.182873145341872601e+01
9.094693106412887573e+01
9.045575368404388428e+01
9.103073031187057040e+01
9.438298183679580688e+01
9.957179021596907376e+01
9.881405316352844181e+01
9.829772143602370704e+01
9.728777724266051052e+01
9.651795141220091523e+01
9.568435646533966121e+01
9.482874235630035287e+01
9.382222087144850775e+01
9.287613047599792537e+01
9.205296710968016782e+01
9.126872769832610288e+01
9.058607114434241225e+01
9.021440202355384486e+01
9.513677135229110604e+01
9.917179119110106456e+01
9.827459255218505518e+01
9.756576891899108261e+01
9.674259176731108312e+01
9.602226720333098342e+01
9.529666579961775597e+01
9.454239379644393182e+01
9.372356888055800539e+01
9.286353951692581177e+01
9.208922852039336249e+01
9.139797728538512445e+01
9.082117311239241531e+01
9.041319433212279932e+01
9.550219471931457349e+01
9.906646314620971339e+01
8.139715299099684387e+01
8.165227353513240871e+01
8.209853687822818813e+01
8.256686318457126106e+01
8.268210069775581417e+01
8.195123118907213211e+01
8.032776027932763441e+01
8.044821289904415096e+01
8.088228789210319292e+01
8.128274781703949259e+01
8.100419641286134720e+01
8.100110782310366631e+01
8.114803179979324455e+01
8.136911811932921523e+01
8.171839160591363793e+01
8.206191360592842443e+01
8.196790723621845132e+01
8.188831572830676464e+01
8.147545884907245295e+01
8.111877248734235479e+01
8.063381601899862972e+01
8.055516714781522580e+01
8.059667684182524283e+01
8.073053619205951748e+01
8.096909185230731509e+01
8.118853998556733131e+01
8.148079988002777441e+01
8.172282653510571038e+01
8.192857985705137480e+01
8.205537488609552099e+01
8.208636294305324554e+01
8.204660666763783183e+01
8.134658271223307224e+01
8.002907118335366476e+01
8.024387132450938509e+01
8.038048690021038567e+01
8.054670839436352026e+01
8.072455242276191711e+01
8.092569316208363261e+01
8.115226829737424907e+01
8.142798399955034938e+01
8.169541457593440725e+01
8.192600492119788669e+01
8.212295297026633989e+01
8.224539358556270940e+01
8.221042010068893546e+01
8.092925869762898117e+01
7.988284336224198512e+01
8.024808487951754898e+01
8.037976217463612727e+01
8.052718954600393886e+01
8.069014514327049881e+01
8.087657224789262500e+01
8.109059502542018549e+01
8.133629612833262001e+01
8.159694210976361717e+01
8.182868408560753437e+01
8.202666792690753539e+01
8.215087364852428209e+01
8.209388879954815366e+01
8.079955463692546402e+01
7.989713615223764975e+01
6.969277047693729799e+01
7.130379040002823388e+01
7.375555487930775200e+01
7.723882034182548750e+01
8.142794168114662057e+01
7.705748487353325515e+01
6.580717448741198439e+01
6.431242095127701930e+01
6.483569352954626197e+01
6.595010951042175407e+01
6.662464922904968034e+01
6.788403459370137227e+01
6.921569721043110235e+01
7.090906290471554030e+01
7.347707375228405624e+01
7.646466541528701555e+01
7.681353797793389049e+01
7.620072074174881038e+01
7.259192605197429771e+01
6.875950602471829143e+01
6.609304511368274859e+01
6.544730500370263826e+01
6.648136895656585921e+01
6.803819457650185143e+01
6.958644408345222132e+01
7.094388958275318657e+01
7.253339727222919464e+01
7.380985014617444051e+01
7.469527172505856072e+01
7.525539866924286514e+01
7.565202474653720799e+01
7.614648233950138945e+01
7.249405391871928828e+01
6.463718581661582618e+01
6.473912754178047635e+01
6.600895568758249965e+01
6.735179452300072001e+01
6.866137625992298865e+01
6.991488948225975264e+01
7.116115884840488093e+01
7.259649378955364796e+01
7.391941782295704400e+01
7.489988687217235963e+01
7.576649206459522645e+01
7.678032904028893313e+01
7.787909622609615212e+01
7.058480924069881723e+01
6.364213418394327704e+01
6.461565298408270053e+01
6.587098007172346570e+01
6.709924714386463052e+01
6.825051662027836130e+01
6.939635146379471564e+01
7.060080444574356306e+01
7.195891491293907904e+01
7.344482338964940027e+01
7.480397598803043024e+01
7.607587272942066647e+01
7.709992212653160948e+01
7.736530002057553190e+01
6.991535716474056983e+01
6.323218640908599042e+01
1.347692275619506859e+02
1.365362422680854593e+02
1.392900536727904921e+02
1.426631847071647314e+02
1.440109549140929914e+02
1.360965485358238141e+02
1.232979902032017634e+02
1.241346606287360146e+02
1.281359014070033879e+02
1.319603565454482919e+02
1.314780851066112461e+02
1.312331304359435933e+02
1.317468164134025415e+02
1.331551905226707504e+02
1.354823961186408781e+02
1.372422712039947328e+02
1.387316735863685437e+02
1.369416405439376661e+02
1.357969910979270765e+02
1.330392473077774014e+02
1.280227018493413880e+02
1.268196617627143752e+02
1.280455901765823228e+02
1.305080549144744850e+02
1.316472740221023514e+02
1.337506205999851261e+02
1.356155999779701062e+02
1.375868335294723295e+02
1.387988659954070840e+02
1.394681153178214856e+02
1.399348488616943200e+02
1.400263151526450827e+02
1.350370752215385437e+02
1.259370794939994767e+02
1.259159579432010645e+02
1.272171714413165944e+02
1.285137657332420247e+02
1.301228282427787803e+02
1.316732613301277013e+02
1.334340024518966459e+02
1.355125167822837682e+02
1.376626717996597051e+02
1.395595650339126337e+02
1.411446913743018854e+02
1.423014052462577581e+02
1.419671027588844083e+02
1.328781904327869370e+02
1.249369990813732016e+02
1.260367063134908534e+02
1.271444067716598454e+02
1.283237841743230661e+02
1.295602277827262867e+02
1.308743406653404122e+02
1.323074113154411293e+02
1.339668686497211354e+02
1.358479857254028218e+02
1.376422122073173284e+02
1.396244535374641202e+02
1.412795900130271605e+02
1.409477488923072599e+02
1.313898664522170918e+02
1.246639023709297049e+02
