1.020217489406466598e+02
1.027660557562112871e+02
1.036681757444143415e+02
1.046553329342603718e+02
1.056019417947530883e+02
1.062462199169397365e+02
1.066481863957643554e+02
1.070055687606334800e+02
1.074066424298286506e+02
1.078366468888521297e+02
9.920279241144656623e+01
9.885709468305111614e+01
9.827737987458705504e+01
9.757591462373733293e+01
9.684718343436718158e+01
9.634311036646366233e+01
9.612876573264598790e+01
9.597101124942302874e+01
9.577563834905623708e+01
9.538178451776504119e+01
8.269154265150429239e+01
8.385331358388067713e+01
8.510873962104321322e+01
8.664122382044793369e+01
8.828082554340363686e+01
8.980282481849194198e+01
9.112212559521198330e+01
9.222940539777279412e+01
9.327351304948329869e+01
9.375236715614795457e+01
6.434881778582929712e+01
6.662031230032444284e+01
6.890808319747448252e+01
7.178404795080423639e+01
7.499309616237879084e+01
7.811629825532436655e+01
8.058836216777562811e+01
8.268270574808120443e+01
8.480292035341263102e+01
8.625455691814423176e+01
1.374293971042334874e+02
1.431799376839399258e+02
1.493068141329288494e+02
1.560839170825481403e+02
1.628659418374300003e+02
1.690137163800001190e+02
1.747442037659883454e+02
1.784115993046760593e+02
1.826218452644347963e+02
1.876190800541639305e+02
