108 
88 
100 
45 
68 
83 
86 
83 
95 
94 
1 
2 
86 
42 
26 
13 
98 
42 
62 
110 
78 
31 
72 
68 
16 
10 
62 
24 
81 
38 
103 
18 
12 
97 
35 
32 
51 
12 
109 
48 
36 
111 
98 
72 
21 
66 
13 
3 
91 
19 
92 
90 
44 
36 
41 
39 
77 
17 
49 
48 
73 
32 
6 
23 
104 
99 
86 
29 
34 
95 
68 
87 
32 
62 
77 
60 
35 
73 
54 
58 
45 
100 
6 
104 
11 
106 
94 
48 
38 
74 
42 
57 
30 
48 
110 
74 
87 
16 
102 
42 
21 
67 
89 
4 
63 
61 
22 
44 
80 
34 
9 
35 
19 
10 
48 
99 
8 
33 
59 
80 
92 
37 
19 
71 
42 
109 
29 
15 
108 
11 
61 
88 
105 
93 
81 
8 
45 
86 
75 
21 
108 
4 
71 
6 
42 
10 
26 
5 
95 
45 
85 
97 
28 
12 
87 
102 
33 
57 
16 
54 
109 
11 
50 
86 
2 
35 
99 
16 
92 
69 
33 
36 
54 
18 
1 
40 
49 
79 
57 
14 
70 
48 
36 
82 
108 
37 
12 
24 
48 
64 
100 
27 
5 
74 
15 
2 
83 
60 
72 
48 
