88 
23 
57 
97 
24 
105 
11 
92 
48 
7 
72 
28 
36 
52 
79 
16 
14 
5 
47 
20 
95 
3 
48 
101 
69 
53 
103 
84 
16 
29 
54 
89 
110 
109 
54 
41 
31 
27 
111 
32 
110 
22 
104 
89 
56 
60 
35 
8 
57 
71 
69 
65 
59 
48 
54 
35 
65 
81 
20 
33 
8 
83 
17 
78 
31 
26 
79 
66 
17 
110 
107 
109 
44 
4 
69 
77 
87 
99 
32 
28 
14 
88 
65 
42 
34 
46 
4 
106 
73 
85 
61 
31 
37 
42 
43 
32 
108 
66 
29 
80 
57 
15 
103 
93 
60 
12 
45 
60 
17 
1 
74 
32 
21 
40 
54 
65 
82 
107 
86 
87 
77 
110 
61 
107 
82 
57 
42 
108 
10 
29 
22 
68 
96 
61 
29 
57 
39 
58 
71 
49 
33 
102 
32 
46 
55 
16 
46 
42 
81 
4 
31 
85 
60 
93 
51 
87 
64 
77 
100 
56 
42 
80 
50 
102 
40 
17 
32 
7 
94 
2 
10 
81 
68 
69 
58 
61 
54 
96 
86 
61 
87 
77 
58 
91 
45 
44 
49 
15 
9 
75 
63 
36 
54 
30 
43 
12 
11 
62 
61 
54 
