35 
84 
58 
93 
97 
87 
95 
52 
105 
84 
91 
68 
9 
14 
54 
23 
3 
77 
79 
3 
86 
103 
6 
13 
61 
74 
58 
105 
68 
35 
43 
56 
58 
45 
56 
83 
37 
70 
47 
67 
83 
79 
34 
49 
54 
37 
101 
57 
19 
46 
21 
62 
11 
50 
26 
55 
65 
62 
96 
61 
29 
30 
103 
74 
84 
67 
47 
50 
108 
112 
89 
42 
95 
82 
47 
97 
45 
55 
11 
12 
16 
103 
73 
101 
91 
60 
70 
73 
70 
49 
27 
59 
33 
105 
43 
11 
26 
35 
82 
109 
62 
100 
5 
19 
19 
77 
26 
16 
65 
3 
95 
49 
64 
99 
109 
24 
59 
90 
101 
65 
32 
27 
95 
110 
37 
97 
31 
99 
34 
37 
95 
101 
32 
70 
87 
55 
16 
22 
84 
76 
5 
47 
64 
109 
64 
98 
30 
16 
85 
26 
30 
111 
71 
31 
11 
12 
65 
35 
85 
72 
4 
94 
28 
2 
27 
33 
99 
37 
100 
90 
69 
1 
57 
44 
6 
8 
78 
56 
112 
60 
95 
6 
40 
95 
16 
30 
74 
56 
84 
62 
67 
111 
77 
86 
62 
72 
48 
62 
73 
106 
