67 
30 
56 
50 
101 
55 
106 
7 
109 
28 
104 
94 
9 
55 
108 
35 
89 
94 
75 
36 
60 
4 
32 
7 
34 
60 
38 
112 
19 
28 
111 
43 
79 
33 
81 
89 
43 
93 
31 
85 
94 
59 
11 
57 
84 
8 
106 
6 
101 
91 
36 
12 
55 
4 
51 
41 
6 
109 
9 
91 
68 
29 
94 
67 
78 
103 
105 
82 
106 
47 
20 
38 
106 
31 
51 
83 
60 
53 
62 
3 
16 
84 
80 
89 
81 
12 
48 
84 
100 
36 
84 
15 
94 
7 
58 
7 
83 
95 
54 
5 
104 
91 
8 
24 
73 
12 
55 
97 
44 
107 
12 
45 
92 
88 
49 
30 
7 
35 
88 
15 
53 
86 
3 
67 
21 
69 
4 
94 
46 
19 
69 
104 
91 
58 
97 
77 
45 
5 
35 
83 
30 
76 
9 
78 
57 
26 
22 
86 
96 
102 
86 
37 
36 
62 
86 
70 
97 
28 
101 
35 
3 
99 
7 
22 
42 
66 
46 
34 
108 
24 
8 
49 
44 
82 
90 
96 
14 
29 
85 
9 
28 
60 
30 
28 
53 
3 
42 
8 
41 
34 
15 
44 
87 
63 
82 
43 
73 
92 
36 
19 
