3.600000 
3.500000 
3.500000 
3.800000 
3.400000 
3.800000 
3.600000 
3.700000 
3.400000 
3.800000 
3.400000 
3.900000 
3.600000 
3.700000 
3.700000 
3.300000 
3.400000 
3.800000 
3.300000 
3.400000 
3.800000 
3.500000 
3.900000 
3.300000 
3.800000 
3.600000 
3.500000 
3.600000 
3.700000 
3.400000 
3.400000 
3.400000 
3.700000 
3.800000 
3.600000 
3.300000 
3.300000 
3.600000 
3.300000 
3.700000 
3.800000 
3.800000 
3.700000 
3.500000 
3.700000 
3.900000 
3.700000 
3.500000 
3.700000 
3.700000 
3.900000 
3.300000 
3.500000 
3.800000 
3.900000 
3.500000 
3.700000 
3.900000 
3.700000 
3.300000 
3.900000 
3.800000 
3.900000 
3.500000 
3.800000 
3.700000 
3.300000 
3.800000 
3.400000 
3.400000 
3.500000 
3.500000 
3.500000 
3.300000 
3.600000 
3.800000 
3.900000 
3.400000 
3.600000 
3.300000 
3.600000 
3.800000 
3.400000 
3.600000 
3.400000 
3.800000 
3.300000 
3.500000 
3.700000 
3.900000 
3.900000 
3.500000 
3.700000 
3.500000 
3.900000 
3.900000 
3.900000 
3.600000 
3.600000 
3.700000 
3.700000 
3.900000 
3.700000 
3.600000 
3.900000 
3.400000 
3.700000 
3.600000 
3.500000 
3.600000 
3.800000 
3.300000 
3.900000 
3.300000 
3.900000 
3.700000 
3.800000 
3.900000 
3.700000 
3.500000 
3.600000 
3.700000 
3.300000 
3.400000 
3.400000 
3.800000 
3.300000 
3.600000 
3.400000 
3.500000 
3.900000 
3.500000 
3.300000 
3.700000 
3.400000 
3.500000 
3.600000 
3.500000 
3.300000 
3.700000 
3.600000 
3.800000 
3.500000 
3.500000 
3.300000 
3.600000 
3.500000 
3.500000 
3.600000 
3.800000 
3.700000 
3.500000 
3.400000 
3.400000 
3.600000 
3.700000 
3.900000 
3.600000 
3.800000 
3.500000 
3.700000 
3.500000 
3.800000 
3.600000 
3.300000 
3.600000 
3.600000 
3.300000 
3.900000 
3.800000 
3.400000 
3.400000 
3.800000 
3.700000 
3.900000 
3.600000 
3.700000 
3.900000 
3.500000 
3.900000 
3.700000 
3.700000 
3.500000 
3.700000 
3.800000 
3.300000 
3.700000 
3.800000 
3.800000 
3.400000 
3.600000 
3.600000 
3.600000 
3.900000 
3.900000 
3.700000 
3.400000 
3.300000 
3.800000 
3.300000 
3.700000 
3.500000 
3.700000 
3.600000 
3.700000 
3.800000 
3.400000 
3.500000 
3.800000 
3.700000 
3.800000 
3.600000 
3.600000 
3.700000 
3.900000 
3.800000 
3.600000 
3.700000 
3.600000 
3.900000 
3.400000 
3.400000 
3.900000 
3.500000 
3.900000 
3.600000 
3.800000 
3.600000 
3.600000 
3.600000 
3.600000 
3.500000 
3.500000 
3.500000 
3.600000 
3.800000 
3.900000 
3.800000 
3.300000 
3.700000 
