7 
6 
9 
5 
4 
4 
9 
10 
9 
2 
5 
9 
5 
7 
8 
3 
10 
9 
7 
5 
4 
4 
4 
4 
3 
5 
6 
9 
8 
2 
9 
7 
9 
9 
3 
4 
2 
6 
3 
7 
6 
5 
4 
2 
7 
10 
5 
10 
9 
8 
7 
2 
2 
10 
3 
9 
2 
3 
9 
3 
7 
7 
10 
7 
6 
2 
8 
10 
2 
5 
7 
8 
6 
8 
6 
8 
7 
9 
5 
4 
9 
9 
7 
7 
5 
2 
9 
5 
4 
4 
9 
2 
5 
2 
5 
7 
5 
9 
10 
8 
5 
9 
9 
5 
5 
9 
7 
4 
7 
9 
4 
9 
5 
9 
10 
2 
6 
7 
6 
10 
5 
5 
7 
5 
8 
2 
2 
5 
4 
5 
2 
4 
3 
4 
9 
5 
4 
7 
4 
9 
6 
9 
2 
8 
8 
4 
3 
6 
2 
3 
7 
8 
8 
6 
3 
6 
5 
6 
7 
8 
2 
2 
7 
5 
2 
3 
4 
4 
10 
8 
9 
9 
9 
6 
10 
5 
5 
6 
10 
2 
2 
9 
5 
10 
9 
7 
8 
2 
6 
9 
5 
9 
6 
9 
2 
6 
10 
8 
2 
3 
