89 
70 
19 
52 
34 
89 
108 
54 
103 
67 
30 
33 
53 
107 
18 
60 
68 
37 
77 
53 
19 
51 
8 
72 
103 
58 
102 
66 
77 
77 
55 
81 
69 
101 
111 
47 
106 
30 
16 
80 
27 
17 
101 
112 
24 
86 
108 
70 
62 
50 
5 
64 
37 
86 
15 
23 
87 
80 
83 
15 
102 
14 
99 
69 
98 
99 
111 
2 
108 
3 
87 
79 
89 
60 
41 
102 
110 
87 
21 
2 
68 
81 
9 
3 
91 
49 
54 
50 
82 
72 
6 
62 
94 
112 
103 
45 
112 
26 
93 
9 
108 
63 
60 
84 
52 
111 
76 
93 
79 
40 
60 
15 
65 
42 
58 
67 
16 
100 
44 
66 
29 
16 
107 
55 
48 
48 
108 
80 
27 
2 
83 
13 
110 
87 
111 
106 
32 
93 
86 
27 
59 
51 
4 
70 
101 
8 
29 
56 
92 
42 
94 
20 
10 
43 
104 
58 
78 
78 
82 
47 
46 
63 
65 
54 
48 
36 
76 
23 
45 
57 
33 
89 
87 
54 
71 
109 
86 
33 
9 
101 
4 
77 
79 
33 
37 
74 
7 
67 
36 
9 
4 
90 
52 
61 
24 
37 
70 
9 
2 
56 
