81 
74 
20 
25 
15 
91 
10 
47 
92 
85 
8 
1 
54 
95 
32 
80 
15 
35 
110 
46 
2 
98 
70 
100 
98 
75 
104 
81 
59 
49 
106 
62 
106 
80 
33 
94 
92 
84 
17 
66 
97 
94 
54 
68 
98 
65 
35 
107 
104 
2 
93 
107 
16 
54 
40 
10 
60 
63 
7 
15 
50 
88 
4 
28 
20 
30 
39 
37 
46 
41 
16 
107 
112 
2 
31 
12 
69 
6 
45 
45 
80 
33 
20 
10 
9 
75 
45 
5 
6 
11 
108 
4 
112 
10 
76 
34 
68 
71 
81 
56 
76 
53 
63 
69 
8 
40 
79 
45 
76 
32 
7 
30 
46 
66 
30 
4 
29 
56 
68 
87 
30 
48 
41 
60 
40 
26 
36 
56 
81 
78 
1 
58 
73 
78 
31 
98 
93 
22 
42 
79 
7 
89 
88 
70 
44 
88 
27 
53 
35 
24 
56 
16 
41 
70 
35 
1 
36 
77 
74 
10 
22 
95 
89 
68 
93 
98 
19 
22 
109 
10 
40 
31 
105 
6 
100 
66 
102 
23 
64 
20 
89 
14 
108 
15 
54 
24 
31 
16 
38 
45 
101 
45 
43 
3 
84 
58 
47 
106 
6 
46 
