42 
39 
37 
9 
54 
47 
101 
72 
50 
40 
70 
93 
94 
10 
97 
23 
4 
98 
34 
12 
72 
44 
67 
108 
68 
101 
77 
36 
102 
98 
2 
21 
103 
29 
75 
104 
36 
6 
16 
78 
10 
79 
48 
84 
43 
27 
49 
111 
28 
112 
61 
47 
20 
27 
74 
34 
36 
64 
65 
20 
18 
94 
13 
50 
16 
103 
69 
96 
76 
102 
17 
82 
72 
18 
66 
42 
20 
47 
27 
69 
101 
2 
41 
43 
53 
82 
45 
89 
45 
51 
89 
99 
66 
2 
8 
32 
85 
17 
22 
72 
39 
25 
110 
93 
13 
37 
103 
89 
16 
80 
92 
47 
10 
102 
82 
17 
50 
58 
33 
96 
91 
20 
105 
107 
65 
78 
57 
39 
73 
106 
4 
82 
65 
77 
59 
40 
75 
10 
63 
84 
79 
109 
55 
85 
38 
30 
41 
58 
90 
86 
1 
92 
74 
104 
103 
45 
25 
10 
29 
13 
44 
82 
69 
51 
60 
23 
86 
92 
64 
109 
53 
56 
91 
104 
64 
23 
59 
12 
35 
98 
2 
71 
62 
97 
84 
53 
65 
19 
74 
49 
8 
64 
80 
68 
69 
2 
8 
16 
41 
91 
