67 
62 
38 
30 
65 
74 
108 
54 
64 
77 
75 
36 
84 
65 
30 
3 
87 
20 
68 
3 
77 
50 
85 
85 
40 
23 
43 
15 
84 
97 
32 
91 
46 
104 
7 
41 
3 
104 
31 
20 
72 
28 
8 
10 
109 
70 
52 
25 
32 
16 
110 
47 
95 
4 
22 
32 
18 
86 
78 
9 
24 
38 
18 
21 
6 
73 
2 
21 
99 
112 
89 
48 
51 
45 
63 
20 
33 
69 
7 
53 
78 
33 
3 
61 
17 
45 
64 
104 
13 
5 
22 
33 
70 
65 
51 
42 
2 
110 
23 
64 
3 
58 
20 
103 
36 
63 
78 
93 
40 
13 
105 
2 
68 
19 
28 
88 
68 
92 
20 
102 
17 
79 
110 
44 
24 
54 
7 
59 
54 
98 
18 
12 
81 
45 
9 
83 
18 
81 
46 
42 
83 
13 
17 
55 
102 
111 
65 
16 
18 
3 
27 
53 
63 
71 
51 
48 
81 
108 
53 
33 
74 
20 
38 
107 
61 
74 
9 
17 
22 
52 
48 
12 
79 
100 
77 
68 
72 
47 
25 
56 
80 
73 
38 
83 
51 
8 
82 
56 
3 
22 
29 
70 
72 
49 
107 
47 
16 
102 
12 
3 
