71 
16 
103 
48 
103 
21 
109 
93 
95 
102 
16 
53 
42 
22 
87 
51 
93 
80 
34 
61 
35 
32 
10 
48 
97 
46 
60 
9 
94 
65 
16 
112 
63 
61 
100 
107 
24 
45 
67 
49 
37 
24 
76 
53 
79 
20 
15 
76 
64 
46 
50 
50 
112 
103 
86 
4 
56 
34 
68 
103 
102 
86 
60 
41 
94 
67 
109 
11 
75 
43 
9 
47 
79 
2 
84 
72 
84 
94 
49 
5 
79 
56 
104 
47 
75 
32 
28 
90 
43 
3 
12 
50 
100 
105 
112 
84 
104 
85 
60 
49 
93 
101 
79 
17 
103 
29 
72 
36 
47 
27 
35 
68 
9 
20 
63 
35 
100 
98 
48 
41 
101 
72 
92 
81 
110 
45 
106 
110 
93 
74 
85 
19 
108 
24 
80 
44 
55 
50 
34 
33 
7 
100 
42 
5 
103 
18 
94 
109 
12 
46 
88 
99 
26 
66 
24 
99 
82 
93 
44 
23 
33 
29 
106 
112 
83 
98 
88 
79 
7 
109 
109 
48 
49 
106 
25 
48 
110 
51 
48 
52 
95 
17 
6 
110 
67 
94 
79 
61 
90 
21 
62 
62 
19 
42 
86 
96 
109 
100 
13 
112 
