70 
63 
66 
75 
39 
61 
26 
54 
81 
103 
24 
4 
25 
94 
22 
80 
105 
24 
111 
32 
68 
11 
35 
108 
16 
89 
102 
9 
19 
68 
66 
11 
3 
41 
22 
106 
99 
105 
73 
70 
22 
14 
48 
14 
32 
52 
26 
31 
67 
46 
102 
57 
77 
76 
64 
49 
73 
4 
100 
45 
34 
46 
95 
59 
60 
89 
58 
111 
14 
19 
36 
65 
17 
79 
109 
29 
10 
57 
93 
52 
41 
97 
11 
38 
80 
80 
90 
110 
48 
12 
78 
104 
31 
103 
17 
95 
85 
49 
11 
26 
36 
35 
101 
36 
75 
88 
38 
6 
60 
6 
91 
81 
30 
104 
107 
108 
44 
5 
13 
70 
13 
19 
69 
78 
107 
8 
69 
101 
111 
19 
40 
11 
99 
75 
1 
17 
40 
46 
16 
65 
72 
86 
103 
12 
65 
64 
18 
112 
23 
101 
30 
70 
105 
71 
29 
76 
49 
22 
107 
33 
90 
9 
45 
88 
110 
47 
2 
71 
107 
41 
19 
108 
57 
91 
108 
101 
98 
31 
30 
92 
39 
97 
61 
94 
5 
33 
40 
57 
25 
19 
94 
7 
41 
45 
6 
33 
49 
57 
23 
77 
