4.700000 
4.400000 
4.600000 
4.500000 
4.200000 
4.200000 
4.900000 
4.200000 
4.300000 
4.400000 
4.800000 
4.400000 
4.100000 
4.100000 
4.800000 
4.600000 
4.200000 
4.300000 
4.500000 
4.800000 
4.700000 
4.500000 
4.800000 
4.500000 
4.400000 
4.300000 
4.300000 
4.900000 
4.300000 
4.300000 
4.800000 
4.100000 
4.900000 
4.300000 
4.700000 
4.800000 
4.400000 
4.200000 
4.400000 
4.200000 
4.900000 
4.900000 
4.800000 
4.200000 
4.900000 
4.700000 
4.500000 
4.900000 
4.700000 
4.800000 
4.200000 
4.600000 
4.300000 
4.600000 
4.200000 
4.400000 
4.700000 
4.900000 
4.500000 
4.600000 
4.300000 
4.500000 
4.700000 
4.200000 
4.800000 
4.400000 
4.900000 
4.800000 
4.900000 
4.300000 
4.300000 
4.500000 
4.600000 
4.300000 
4.700000 
4.900000 
4.600000 
4.600000 
4.600000 
4.400000 
4.700000 
4.200000 
4.900000 
4.300000 
4.200000 
4.400000 
4.200000 
4.700000 
4.400000 
4.800000 
4.800000 
4.300000 
4.900000 
4.100000 
4.800000 
4.700000 
4.500000 
4.500000 
4.600000 
4.500000 
4.300000 
4.300000 
4.700000 
4.200000 
4.700000 
4.400000 
4.300000 
4.700000 
4.200000 
4.900000 
4.700000 
4.400000 
4.400000 
4.200000 
4.200000 
4.200000 
4.700000 
4.900000 
4.500000 
4.700000 
4.700000 
4.800000 
4.200000 
4.200000 
4.900000 
4.400000 
4.600000 
4.800000 
4.600000 
4.500000 
4.900000 
4.900000 
4.200000 
4.700000 
4.600000 
4.700000 
4.200000 
4.600000 
4.300000 
4.600000 
4.200000 
4.700000 
4.900000 
4.700000 
4.100000 
4.700000 
4.100000 
4.900000 
4.200000 
4.200000 
4.800000 
4.800000 
4.700000 
4.300000 
4.800000 
4.300000 
