1.030414748620986956e+02
1.035400367140769902e+02
1.040045804953575157e+02
1.042595521068572992e+02
1.025610529255866936e+02
9.965153757750988461e+01
1.002892889532446787e+02
1.005147473150491635e+02
1.008122834494709963e+02
1.011158555331826250e+02
1.013765303230285610e+02
1.016506299775838897e+02
1.019353491789102577e+02
1.022880508899688721e+02
1.026836736869811944e+02
1.030781296372413607e+02
1.034923392271995510e+02
1.038797711801529005e+02
1.040740368413925125e+02
1.024623359715938591e+02
9.983077332317829189e+01
1.003714751803874918e+02
1.006418654972314783e+02
1.009374561709165619e+02
1.012311426818370848e+02
1.014981304913759175e+02
1.017703511279821385e+02
1.020520992624759629e+02
1.023939965009689388e+02
1.027584082162380241e+02
1.031356361484527611e+02
1.035395627820491740e+02
1.038967690753936779e+02
1.038397056221961918e+02
1.012164793553948385e+02
9.994877794206142596e+01
1.004673302406072537e+02
1.007624258956313099e+02
1.010611612626910158e+02
1.013348176205158211e+02
1.016003769499063480e+02
1.018682290726900135e+02
1.021641151183843590e+02
1.025174844402074825e+02
1.028706903207302048e+02
1.032500851631164522e+02
1.036353066003322567e+02
1.039418330407142719e+02
1.033900418424606329e+02
1.002459807485341940e+02
1.001478975075483362e+02
1.004937676268815920e+02
1.007887580078840273e+02
1.010943060284852919e+02
1.013632317394018116e+02
1.016360805189609522e+02
1.019123964184522606e+02
1.022328491079807264e+02
1.025953615939617123e+02
1.029610502839088468e+02
1.033529124987125414e+02
1.037448727464675926e+02
1.040067805075645424e+02
1.030882719099521694e+02
9.997774126827717112e+01
1.002500358274579071e+02
1.005391225081682194e+02
1.008364601099491153e+02
1.011426057177782099e+02
1.014111399334669130e+02
1.016865195864439073e+02
1.019661663782596577e+02
1.023013867133855825e+02
1.026697014451026888e+02
1.030406925082206726e+02
1.034417456305026946e+02
1.037985823905467981e+02
1.039083420562744209e+02
1.018442977333068882e+02
9.981549323260783524e+01
1.004051280146837257e+02
1.006831485098600325e+02
1.009763815388083401e+02
1.012608298763632746e+02
1.015279441261291566e+02
1.017983478111028717e+02
1.020845693355798716e+02
1.024299102997779869e+02
1.027870748972892727e+02
1.031632177829742432e+02
1.035603511786460871e+02
1.039207266736030562e+02
1.038771004188060800e+02
1.012045363637804911e+02
9.991315808296202761e+01
1.004330390781164084e+02
1.007173892235755943e+02
1.010187599423527729e+02
1.012962348109483770e+02
1.015668557280302053e+02
1.018430505186319408e+02
1.021476283949613588e+02
1.025117662227153801e+02
1.028750925731658867e+02
1.032568319308757765e+02
1.036367395365238195e+02
1.039436514246463759e+02
1.034555074834823643e+02
1.003395898038148886e+02
1.001382206526398591e+02
1.005082989430427602e+02
1.008047149395942625e+02
9.215571138381957894e+01
9.117761236190796126e+01
9.045535095453261931e+01
8.969959308624267180e+01
9.277862759351729949e+01
9.943638743400572366e+01
9.834323380947112980e+01
9.817210823059080838e+01
9.751973171710967847e+01
9.691892722845076946e+01
9.637310565710066612e+01
9.577026684284209068e+01
9.511077806711196558e+01
9.424793156623839252e+01
9.324985066175460702e+01
9.227523342847823073e+01
9.135358743429183903e+01
9.055565521955489316e+01
8.993104685664177111e+01
9.314738504886626913e+01
9.919599533319473039e+01
9.826394434452056714e+01
9.790259652137756063e+01
9.723354168891906113e+01
9.662456543445586021e+01
9.603674084901808783e+01
9.540377904891967376e+01
9.471215265512465464e+01
9.383945749759674015e+01
9.289774986267089218e+01
9.197556722402572404e+01
9.110448741555212848e+01
9.034948577284812643e+01
9.014476674318312632e+01
9.613591372966766357e+01
9.888275448560713698e+01
9.822247994422912143e+01
9.764960755348205623e+01
9.699884195804595777e+01
9.642039141893386045e+01
9.582342516899107920e+01
9.518631200551986637e+01
9.444375066757201864e+01
9.352696499824523357e+01
9.260763986825942595e+01
9.169611971497535308e+01
9.086737573862075124e+01
9.013458231449126856e+01
9.088360061764716136e+01
9.830749821186064707e+01
9.853434225559233539e+01
9.820625654220580714e+01
9.756902718782424699e+01
9.694056729316710630e+01
9.637404404640197697e+01
9.577073554515837372e+01
9.512740813732146705e+01
9.433858607769012394e+01
9.341056336879729827e+01
9.247666612625121729e+01
9.155800761699676116e+01
9.072383860826491286e+01
9.002234681844710451e+01
9.156871244311332703e+01
9.889075196504592213e+01
9.838041391611098163e+01
9.806819416999816497e+01
9.739265726327894868e+01
9.675484892368315570e+01
9.617029048442840633e+01
9.554341689109801905e+01
9.487485734701155593e+01
9.403582407474517879e+01
9.308903850317000206e+01
9.216006263494490724e+01
9.125906514406203485e+01
9.049565787672996464e+01
9.000944864273070323e+01
9.452014816045760881e+01
9.914723158359527133e+01
9.828783634662627833e+01
9.781217439174650963e+01
9.716500677585601409e+01
9.658284895896910882e+01
9.600211398839950050e+01
9.538296512126922266e+01
9.469064847469329038e+01
9.381720299959182796e+01
9.289626005887984661e+01
9.197554851531981512e+01
9.110837538003920599e+01
9.032082255840300888e+01
9.004410208940505811e+01
9.610787824153899805e+01
9.892019356012343678e+01
9.827663081645964382e+01
9.771674325227736801e+01
9.706407133817671706e+01
9.648810314893721340e+01
9.589378270387649650e+01
9.525473565101623308e+01
9.451016460418701115e+01
9.358361692905425855e+01
9.264793251276016406e+01
9.172734503746032431e+01
9.089943655252456267e+01
9.016097242116927646e+01
9.075960817694664229e+01
9.811141324996947333e+01
9.855625507354736214e+01
9.817289990425109636e+01
9.752710294723510742e+01
8.216237108081578810e+01
8.245729949951171989e+01
8.258830107092857986e+01
8.252471689909697261e+01
8.140831130608916055e+01
7.970940590947866156e+01
8.013640658184885979e+01
8.023571026176213650e+01
8.036621947690844081e+01
8.051080629803240640e+01
8.065275853261351813e+01
8.081723721370100577e+01
8.100350389346480995e+01
8.124259459182620446e+01
8.151671357750892355e+01
8.178389637410640489e+01
8.202597410887479157e+01
8.219460565537214336e+01
8.221563940614461785e+01
8.125754085555672646e+01
7.980757968932390156e+01
8.016908390477300372e+01
8.026577836483717476e+01
8.039365766853093476e+01
8.053959312334656317e+01
8.069435562483965896e+01
8.087231938749552285e+01
8.107508143082260688e+01
8.132635394275187934e+01
8.159490446299314215e+01
8.185136104404926982e+01
8.207523795962333679e+01
8.221454456925391696e+01
8.208970822989940075e+01
8.060554756596684456e+01
7.991382674410938591e+01
8.021056182548403513e+01
8.032443395256996155e+01
8.046558220148087059e+01
8.061747294217347815e+01
8.078671233698726439e+01
8.097738295182585944e+01
8.120147682622075536e+01
8.146979939252138081e+01
8.173557013869285015e+01
8.198496906489134517e+01
8.218042195081710588e+01
8.227544125676155318e+01
8.187143726706504765e+01
8.011236267894506113e+01
8.006873698711395093e+01
8.023596687227487223e+01
8.035949202194809970e+01
8.050638604342937299e+01
8.065686824001372202e+01
8.082776179432869412e+01
8.101904146954417740e+01
8.125151570305227722e+01
8.151936452686786083e+01
8.178481026768685069e+01
8.203212877869606245e+01
8.222188030540942805e+01
8.228404619336127723e+01
8.167925469338894118e+01
7.994177755072712444e+01
8.012394079983234008e+01
8.025383056551217464e+01
8.038047469303012349e+01
8.052939696781336920e+01
8.068246691346168120e+01
8.085836666703224296e+01
8.105572612404823474e+01
8.129994314551353796e+01
8.157164917856455588e+01
8.183322584927081778e+01
8.207058434009552172e+01
8.222168360531330222e+01
8.218974494665860675e+01
8.098181935280561561e+01
7.984456770524383273e+01
8.019681731969117777e+01
8.030395082354544911e+01
8.043775411598385006e+01
8.058725419729948669e+01
8.074894851580262412e+01
8.093157996654510100e+01
8.114115811839700143e+01
8.139759201660751842e+01
8.166431120008230948e+01
8.192041524469853186e+01
8.213840570211409897e+01
8.227561007946729887e+01
8.215275944143533593e+01
8.063141423463821411e+01
7.990520812854170174e+01
8.020998272031545184e+01
8.032438174739479564e+01
8.046298847869039150e+01
8.061054385229945751e+01
8.077453840181232181e+01
8.096051358103751738e+01
8.118011071115732591e+01
8.144645857125520649e+01
8.171333852589130231e+01
8.196431036025285266e+01
8.216080475240946157e+01
8.226077913463116431e+01
8.189334751069546314e+01
8.015073391556740035e+01
8.005409798070787986e+01
8.023770496696234034e+01
8.036083862110972120e+01
7.310069263994694211e+01
7.507992721974849815e+01
7.667692363142967338e+01
7.781285706818104586e+01
7.244811891138553506e+01
6.267133328050375241e+01
6.374529095515609356e+01
6.470094672158360538e+01
6.572283845454454365e+01
6.676967663794756902e+01
6.773158054947853657e+01
6.875083242952824492e+01
6.984235808014869917e+01
7.122761502027512392e+01
7.286417644143104155e+01
7.456697121798993066e+01
7.624687160253525064e+01
7.759471974670887562e+01
7.816076293230057104e+01
7.254491177737713770e+01
6.341133665129542862e+01
6.408559813946486372e+01
6.513079131066800187e+01
6.623321523964405344e+01
6.733540938913822060e+01
6.838888680696487654e+01
6.947336588680744285e+01
7.062398432135582027e+01
7.203695289909839516e+01
7.360584078133106800e+01
7.521584062278270721e+01
7.675480262875557003e+01
7.789502760350704591e+01
7.752788873255252611e+01
6.847045272052288567e+01
6.335874065011740441e+01
6.439377159163356623e+01
6.552383085519075223e+01
6.665296142667531853e+01
6.771321327745914687e+01
6.876454028427600917e+01
6.984426130414009037e+01
7.106318807244301183e+01
7.255389522671700320e+01
7.412099361419677734e+01
7.573502620160580534e+01
7.717546619296074084e+01
7.816108207046985967e+01
7.615596828639507976e+01
6.534369360566140017e+01
6.367984122902155519e+01
6.469973138540983371e+01
6.580954771488904953e+01
6.694622851520776408e+01
6.798585707724095073e+01
6.903298770725727707e+01
7.010755377531052090e+01
7.137678020060062067e+01
7.287739804565906354e+01
7.446354608058929614e+01
7.608679653882980176e+01
7.750798031330108984e+01
7.831145881533622344e+01
7.502473140299321130e+01
6.426591758787633069e+01
6.383738523691893363e+01
6.486489177078009050e+01
6.597317913830281100e+01
6.711452167689800774e+01
6.816475897192955813e+01
6.923553948104381561e+01
7.034368004500866789e+01
7.169142722547054802e+01
7.324231223344803254e+01
7.484661284744740328e+01
7.644890579223633154e+01
7.766881898760796332e+01
7.792103910505771580e+01
7.073152111887931426e+01
6.324839688733220555e+01
6.417643095508218209e+01
6.527895381689071996e+01
6.637532572567462807e+01
6.743938924670219137e+01
6.846650237023830243e+01
6.951412505328656266e+01
7.064991806924344075e+01
7.205243284106255430e+01
7.358570722460747504e+01
7.519159076392651286e+01
7.672604421794414975e+01
7.793057031154633307e+01
7.769279496788978179e+01
6.850162555664778097e+01
6.330630973041058240e+01
6.435101433008910021e+01
6.546113297045231150e+01
6.658195550501346816e+01
6.763632592946291311e+01
6.867904839098453351e+01
6.975310847997666031e+01
7.096371328532696054e+01
7.245378448426723139e+01
7.403162100076676211e+01
7.565490743458271083e+01
7.709614469110965729e+01
7.809370097815990164e+01
7.629392185270786797e+01
6.557246228992939052e+01
6.362498079746961821e+01
6.467052124902606636e+01
6.578500947117805708e+01
1.405764430308341844e+02
1.429123980808257670e+02
1.447712354373931589e+02
1.452311546421050821e+02
1.376729502844810327e+02
1.257188295120000703e+02
1.261975560027360785e+02
1.269898995560407542e+02
1.281130954360961880e+02
1.294426757705211628e+02
1.307645280766487019e+02
1.321824793469905899e+02
1.336847262096405018e+02
1.354945993590354760e+02
1.375493059754371643e+02
1.396203885531425328e+02
1.416225735831260408e+02
1.431320481204986379e+02
1.433205933642387038e+02
1.361798910737037431e+02
1.254112804019451062e+02
1.259674436008930201e+02
1.269337247669696751e+02
1.280769145894050496e+02
1.293540769302844922e+02
1.306582221066951774e+02
1.320436659336089917e+02
1.335204092669486897e+02
1.352813575744628736e+02
1.371816320800781170e+02
1.390906208181380919e+02
1.409063511085510072e+02
1.421542349958419607e+02
1.412686961865424848e+02
1.307594561696052438e+02
1.248273724418878459e+02
1.259398739117383883e+02
1.270055747115611950e+02
1.282066708779335045e+02
1.294613421702384812e+02
1.307824765777587857e+02
1.321771888589858861e+02
1.337355602681636810e+02
1.355763009858131340e+02
1.374513713455200161e+02
1.393476430225371985e+02
1.410237280488013880e+02
1.420021979522704783e+02
1.391824393248557783e+02
1.270192375755309939e+02
1.251254044747352481e+02
1.260538680267333973e+02
1.271481076270341788e+02
1.284364264023303974e+02
1.297360642528533958e+02
1.311162020528316532e+02
1.325629666447639465e+02
1.342285463178157841e+02
1.361215392804145665e+02
1.380554586791992051e+02
1.399988278198241858e+02
1.416713161015510423e+02
1.423743532752990575e+02
1.380478756809234540e+02
1.259166499435901585e+02
1.253603386068344037e+02
1.262523530066013251e+02
1.273718832528591065e+02
1.286803005993366185e+02
1.299924017083644685e+02
1.313907511353492623e+02
1.328590889430045934e+02
1.345902190780639671e+02
1.365108723735809235e+02
1.384403082728385925e+02
1.403490007352828854e+02
1.417435928487777517e+02
1.416838011145591452e+02
1.331827918076515118e+02
1.246966817456483767e+02
1.257416820996999718e+02
1.267424726414680407e+02
1.279093810880184066e+02
1.291856276679039013e+02
1.305056847095489445e+02
1.318964148807525589e+02
1.333988844680785917e+02
1.351832509803771813e+02
1.370654423141479299e+02
1.389836466741561765e+02
1.407973714065551576e+02
1.421079745626449267e+02
1.413445240974425872e+02
1.307120147776603574e+02
1.246731065976619703e+02
1.257767436254024460e+02
1.268102653712034140e+02
1.280255542790889649e+02
1.293061921608448017e+02
1.306544958710670414e+02
1.320823330092430012e+02
1.336711555433273304e+02
1.355500028991699253e+02
1.374720961356162832e+02
1.394040907788276513e+02
1.410984599471092054e+02
1.421065242624282519e+02
1.395113860607146989e+02
1.273949098765850039e+02
1.251161557030677756e+02
1.261043208634853272e+02
1.272108916413783959e+02
