4 
6 
8 
9 
5 
4 
6 
8 
9 
4 
8 
4 
10 
4 
7 
6 
4 
4 
2 
9 
10 
2 
2 
6 
5 
9 
5 
5 
2 
2 
5 
2 
8 
10 
8 
3 
2 
6 
10 
5 
9 
10 
5 
10 
4 
8 
9 
5 
7 
3 
10 
6 
2 
4 
4 
10 
9 
9 
6 
2 
4 
3 
3 
5 
2 
6 
8 
4 
9 
7 
5 
3 
8 
7 
6 
9 
6 
7 
3 
8 
4 
9 
2 
2 
9 
3 
2 
5 
10 
10 
9 
10 
7 
3 
7 
8 
2 
10 
2 
4 
6 
5 
8 
10 
2 
4 
10 
10 
7 
3 
4 
6 
6 
3 
10 
5 
4 
7 
3 
10 
7 
9 
9 
3 
10 
9 
6 
5 
6 
10 
3 
3 
3 
5 
5 
8 
5 
3 
10 
4 
10 
4 
2 
7 
5 
10 
5 
10 
2 
4 
3 
10 
7 
3 
3 
3 
7 
2 
10 
8 
8 
4 
7 
5 
8 
6 
8 
2 
2 
9 
7 
5 
10 
6 
7 
3 
4 
6 
4 
4 
2 
3 
7 
6 
6 
6 
6 
7 
8 
6 
7 
7 
3 
5 
6 
9 
2 
8 
9 
7 
