48 
73 
15 
44 
40 
63 
23 
85 
49 
34 
37 
54 
88 
30 
97 
4 
4 
41 
32 
84 
58 
76 
94 
105 
64 
82 
108 
107 
112 
87 
97 
101 
68 
85 
25 
24 
101 
79 
17 
99 
5 
26 
57 
45 
80 
45 
47 
54 
80 
112 
46 
72 
11 
65 
59 
65 
100 
106 
95 
6 
35 
21 
100 
70 
10 
40 
47 
85 
35 
79 
69 
46 
112 
64 
8 
56 
27 
32 
19 
92 
92 
103 
50 
13 
107 
11 
78 
93 
57 
81 
96 
102 
24 
87 
53 
52 
84 
73 
40 
82 
14 
35 
33 
29 
95 
9 
78 
98 
96 
75 
68 
84 
65 
76 
45 
7 
13 
94 
4 
97 
47 
69 
54 
80 
68 
34 
46 
95 
63 
47 
54 
66 
71 
60 
70 
25 
89 
47 
30 
56 
49 
111 
44 
108 
9 
32 
91 
87 
108 
70 
106 
13 
78 
83 
64 
98 
43 
25 
101 
33 
58 
100 
3 
67 
53 
100 
21 
63 
44 
77 
23 
88 
69 
85 
48 
99 
76 
67 
89 
17 
71 
44 
69 
17 
104 
110 
64 
45 
79 
6 
2 
24 
56 
42 
94 
58 
35 
92 
102 
101 
