49 
97 
30 
12 
101 
7 
106 
54 
43 
48 
84 
45 
26 
39 
32 
69 
107 
99 
20 
103 
29 
76 
96 
104 
44 
111 
64 
66 
11 
92 
94 
9 
6 
87 
66 
14 
111 
47 
47 
13 
42 
11 
72 
94 
107 
108 
40 
28 
102 
101 
105 
104 
54 
31 
87 
2 
33 
48 
35 
96 
4 
25 
3 
88 
95 
111 
43 
13 
106 
72 
73 
19 
16 
98 
3 
53 
109 
42 
70 
57 
18 
23 
93 
109 
88 
50 
78 
75 
30 
94 
30 
70 
89 
17 
16 
80 
35 
79 
30 
101 
12 
44 
52 
59 
11 
97 
90 
111 
29 
2 
110 
9 
106 
106 
107 
49 
69 
104 
69 
3 
87 
70 
28 
44 
4 
89 
33 
19 
2 
47 
111 
6 
53 
92 
84 
101 
41 
101 
6 
48 
75 
85 
71 
73 
73 
67 
52 
31 
98 
1 
67 
78 
40 
36 
35 
15 
21 
5 
101 
6 
27 
68 
93 
87 
41 
14 
11 
20 
105 
90 
45 
29 
54 
58 
16 
82 
40 
1 
106 
79 
92 
33 
20 
64 
82 
102 
94 
53 
91 
73 
99 
106 
35 
34 
17 
92 
38 
37 
52 
75 
