27 
22 
73 
102 
37 
11 
9 
48 
26 
57 
31 
50 
86 
32 
81 
102 
98 
15 
18 
69 
102 
70 
81 
14 
111 
25 
10 
46 
76 
20 
22 
17 
80 
71 
23 
58 
111 
20 
61 
17 
93 
90 
109 
3 
1 
96 
45 
92 
106 
5 
5 
62 
62 
2 
7 
79 
87 
64 
99 
38 
104 
77 
60 
87 
63 
68 
8 
91 
106 
87 
13 
59 
30 
60 
50 
89 
58 
10 
16 
55 
69 
78 
11 
52 
108 
105 
76 
106 
96 
53 
35 
92 
47 
63 
89 
24 
59 
19 
57 
98 
44 
51 
95 
37 
10 
30 
14 
66 
42 
93 
97 
26 
86 
96 
34 
33 
81 
111 
55 
97 
109 
20 
5 
31 
19 
46 
111 
86 
99 
27 
33 
70 
5 
70 
91 
61 
7 
75 
42 
54 
41 
18 
112 
22 
37 
75 
88 
35 
44 
46 
57 
2 
21 
89 
15 
78 
46 
20 
67 
83 
75 
67 
70 
104 
54 
84 
24 
77 
69 
31 
95 
63 
47 
93 
58 
80 
73 
63 
76 
76 
62 
102 
78 
97 
89 
27 
8 
60 
19 
68 
48 
32 
83 
99 
36 
31 
38 
39 
77 
42 
