22 
81 
53 
112 
18 
49 
44 
66 
11 
31 
45 
92 
35 
59 
26 
14 
15 
14 
37 
77 
32 
11 
36 
74 
28 
12 
32 
81 
44 
87 
41 
27 
73 
60 
27 
2 
41 
14 
51 
74 
88 
111 
60 
5 
13 
54 
43 
79 
75 
13 
95 
87 
92 
82 
101 
3 
23 
79 
56 
56 
78 
39 
104 
73 
43 
48 
54 
11 
25 
45 
91 
56 
48 
47 
66 
34 
82 
78 
24 
87 
80 
73 
36 
105 
20 
60 
103 
45 
8 
66 
36 
61 
51 
79 
5 
6 
84 
64 
83 
34 
22 
2 
30 
22 
6 
45 
81 
89 
34 
93 
94 
91 
14 
86 
103 
44 
46 
16 
82 
27 
60 
60 
83 
23 
40 
16 
29 
105 
80 
38 
61 
22 
15 
6 
84 
102 
30 
45 
35 
51 
97 
57 
111 
8 
93 
12 
27 
100 
97 
94 
81 
8 
12 
71 
35 
16 
99 
62 
94 
43 
68 
51 
52 
74 
76 
19 
14 
15 
26 
107 
79 
7 
78 
85 
101 
93 
26 
111 
65 
47 
78 
96 
30 
71 
17 
111 
80 
95 
43 
88 
77 
104 
40 
3 
36 
103 
30 
12 
67 
21 
