16 
66 
98 
81 
57 
26 
31 
26 
54 
109 
40 
44 
71 
40 
72 
19 
61 
43 
91 
86 
78 
51 
105 
62 
110 
37 
98 
54 
99 
52 
44 
93 
62 
40 
5 
40 
25 
81 
30 
84 
25 
79 
50 
47 
86 
60 
70 
80 
93 
87 
102 
12 
61 
103 
55 
55 
68 
100 
49 
40 
102 
27 
32 
111 
64 
16 
59 
16 
100 
20 
102 
33 
3 
108 
59 
60 
37 
90 
64 
16 
15 
83 
98 
93 
69 
70 
101 
13 
40 
32 
15 
37 
87 
90 
35 
13 
8 
97 
109 
24 
7 
81 
29 
71 
72 
107 
98 
39 
32 
10 
44 
104 
33 
77 
83 
94 
112 
90 
49 
105 
73 
71 
72 
106 
110 
9 
42 
58 
108 
99 
44 
48 
53 
108 
81 
24 
15 
96 
48 
70 
85 
42 
71 
56 
17 
92 
46 
24 
79 
8 
34 
109 
16 
25 
41 
10 
110 
84 
107 
84 
87 
84 
86 
88 
47 
91 
50 
76 
47 
29 
17 
86 
100 
69 
70 
4 
3 
15 
68 
102 
90 
101 
71 
112 
1 
105 
90 
93 
110 
92 
24 
6 
12 
39 
32 
28 
8 
81 
104 
25 
