104 
107 
17 
61 
21 
102 
92 
85 
99 
34 
60 
106 
95 
30 
77 
34 
47 
5 
89 
93 
36 
97 
105 
100 
5 
110 
111 
74 
86 
75 
31 
9 
9 
11 
109 
84 
23 
41 
76 
44 
56 
33 
85 
34 
15 
27 
107 
82 
76 
91 
30 
93 
90 
73 
37 
90 
51 
65 
83 
58 
86 
85 
24 
69 
45 
67 
9 
20 
60 
97 
89 
52 
81 
61 
104 
13 
49 
81 
94 
30 
57 
85 
34 
34 
13 
17 
102 
4 
14 
84 
86 
26 
8 
97 
96 
89 
20 
81 
28 
56 
7 
99 
73 
82 
76 
107 
34 
9 
105 
83 
56 
28 
22 
27 
61 
45 
43 
109 
104 
89 
79 
49 
104 
96 
101 
68 
37 
77 
59 
26 
43 
9 
11 
31 
53 
105 
45 
11 
7 
21 
64 
69 
101 
97 
32 
112 
75 
42 
53 
103 
24 
92 
11 
36 
70 
102 
9 
4 
29 
85 
35 
96 
109 
16 
44 
52 
59 
4 
7 
75 
3 
94 
67 
90 
88 
36 
110 
13 
29 
59 
2 
60 
30 
33 
64 
95 
27 
104 
102 
102 
28 
16 
93 
29 
56 
52 
32 
79 
50 
69 
