5.900000 
5.200000 
5.300000 
5.400000 
5.600000 
5.100000 
5.200000 
5.100000 
5.700000 
5.100000 
5.500000 
5.000000 
5.100000 
5.400000 
5.300000 
5.400000 
5.500000 
5.600000 
5.400000 
5.600000 
5.200000 
5.300000 
5.000000 
5.400000 
5.100000 
5.700000 
5.900000 
5.800000 
5.300000 
5.000000 
5.100000 
5.800000 
5.700000 
5.600000 
5.200000 
5.000000 
5.400000 
5.400000 
5.800000 
5.200000 
5.700000 
5.500000 
5.200000 
5.000000 
5.600000 
5.200000 
5.300000 
5.700000 
5.900000 
5.700000 
5.900000 
5.800000 
5.300000 
5.100000 
5.800000 
5.700000 
5.100000 
5.200000 
5.600000 
5.800000 
5.500000 
5.600000 
5.200000 
5.700000 
5.100000 
5.300000 
5.100000 
5.700000 
5.200000 
5.700000 
5.300000 
5.800000 
5.800000 
5.900000 
5.900000 
5.500000 
5.800000 
5.500000 
5.900000 
5.600000 
5.700000 
5.300000 
5.800000 
5.100000 
5.800000 
5.900000 
5.700000 
5.100000 
5.300000 
5.600000 
5.100000 
5.600000 
5.000000 
5.900000 
5.200000 
5.700000 
5.700000 
5.200000 
5.300000 
5.300000 
5.000000 
5.100000 
5.600000 
5.000000 
5.300000 
5.600000 
5.700000 
5.400000 
5.500000 
5.700000 
