67 
86 
95 
17 
88 
57 
1 
101 
62 
92 
75 
98 
17 
33 
84 
88 
19 
109 
106 
40 
50 
18 
22 
81 
98 
58 
39 
90 
112 
4 
83 
29 
58 
41 
2 
111 
42 
47 
20 
23 
54 
47 
77 
111 
98 
66 
9 
93 
33 
10 
66 
101 
34 
104 
73 
84 
97 
85 
93 
41 
41 
28 
89 
36 
20 
54 
33 
9 
41 
11 
19 
101 
83 
106 
28 
84 
79 
88 
7 
41 
77 
24 
36 
28 
94 
93 
44 
84 
45 
105 
59 
19 
10 
5 
105 
35 
102 
71 
110 
70 
70 
42 
47 
4 
74 
10 
92 
58 
20 
88 
63 
3 
99 
60 
49 
55 
1 
12 
105 
105 
50 
43 
5 
98 
77 
24 
79 
75 
31 
61 
95 
40 
38 
63 
112 
82 
36 
35 
91 
35 
54 
33 
82 
22 
10 
106 
74 
103 
59 
100 
66 
93 
108 
7 
78 
43 
46 
101 
7 
5 
22 
21 
87 
97 
92 
79 
38 
37 
74 
2 
93 
50 
2 
81 
67 
56 
35 
76 
72 
21 
109 
26 
72 
66 
106 
70 
52 
55 
85 
29 
105 
62 
109 
97 
50 
105 
38 
87 
78 
93 
