4 
22 
94 
79 
2 
107 
111 
108 
93 
32 
43 
28 
108 
4 
85 
49 
73 
80 
69 
35 
66 
59 
86 
27 
101 
3 
54 
111 
102 
13 
65 
7 
85 
38 
21 
100 
100 
98 
50 
4 
50 
10 
29 
92 
93 
47 
44 
38 
109 
54 
15 
98 
15 
44 
67 
30 
33 
49 
62 
42 
98 
2 
82 
94 
97 
12 
7 
35 
93 
69 
17 
72 
112 
89 
103 
94 
76 
36 
65 
77 
58 
39 
36 
99 
21 
55 
50 
54 
67 
42 
84 
105 
70 
42 
66 
82 
58 
23 
41 
52 
65 
35 
36 
44 
46 
29 
104 
14 
16 
41 
30 
98 
76 
74 
34 
104 
24 
44 
68 
88 
18 
54 
38 
37 
15 
27 
43 
48 
84 
100 
88 
20 
12 
6 
86 
112 
79 
72 
84 
109 
49 
111 
9 
88 
35 
60 
25 
52 
27 
89 
89 
45 
101 
2 
32 
1 
46 
55 
52 
94 
40 
75 
68 
69 
29 
96 
69 
48 
46 
111 
77 
70 
9 
42 
21 
110 
102 
9 
96 
101 
42 
111 
83 
97 
76 
86 
48 
31 
49 
61 
46 
111 
3 
51 
97 
48 
34 
72 
58 
76 
