106 
8 
87 
60 
78 
26 
38 
14 
39 
33 
83 
83 
10 
16 
32 
15 
65 
53 
6 
23 
48 
62 
103 
103 
72 
98 
85 
26 
8 
11 
21 
50 
55 
88 
98 
38 
20 
3 
2 
65 
103 
35 
2 
101 
62 
14 
20 
109 
112 
86 
55 
77 
47 
14 
98 
88 
33 
52 
51 
89 
105 
38 
22 
66 
52 
84 
96 
67 
30 
43 
81 
10 
8 
72 
24 
79 
68 
85 
14 
100 
82 
79 
37 
109 
93 
14 
29 
43 
25 
29 
104 
87 
65 
92 
104 
96 
111 
101 
23 
108 
80 
110 
64 
21 
13 
39 
47 
14 
103 
11 
86 
27 
37 
14 
4 
89 
73 
73 
25 
48 
54 
68 
27 
57 
67 
41 
41 
24 
21 
65 
30 
88 
109 
73 
93 
78 
3 
72 
105 
19 
69 
37 
60 
32 
27 
57 
29 
23 
71 
95 
24 
97 
45 
59 
63 
110 
8 
70 
3 
77 
74 
26 
63 
101 
91 
107 
16 
82 
47 
102 
91 
98 
39 
42 
18 
97 
43 
40 
78 
74 
30 
87 
46 
86 
39 
5 
73 
29 
27 
45 
103 
83 
80 
10 
71 
102 
98 
35 
41 
76 
