1.803705096244812012e-02
2.042579650878906250e-02
2.567782998085021973e-02
9.997310042381286621e-01
1.000000000000000000e+00
1.000000000000000000e+00
9.999995827674865723e-01
5.296282768249511719e-01
7.970094680786132812e-03
9.403381347656250000e-01
1.000000000000000000e+00
9.999998807907104492e-01
2.397239208221435547e-03
1.128345727920532227e-03
9.239017963409423828e-04
2.246558666229248047e-03
1.041170954704284668e-02
8.153706789016723633e-03
4.398912191390991211e-03
7.324814796447753906e-03
9.304898381233215332e-01
1.000000000000000000e+00
1.000000000000000000e+00
1.000000000000000000e+00
1.000000000000000000e+00
1.000000000000000000e+00
1.000000000000000000e+00
2.205371856689453125e-03
2.851188182830810547e-03
3.412306308746337891e-03
4.617542028427124023e-03
5.264133214950561523e-03
5.337327718734741211e-03
5.831092596054077148e-03
6.468176841735839844e-03
1.407840847969055176e-02
9.999996423721313477e-01
1.000000000000000000e+00
1.000000000000000000e+00
1.000000000000000000e+00
1.000000000000000000e+00
4.868805408477783203e-03
2.627074718475341797e-03
3.587812185287475586e-03
4.058688879013061523e-03
4.346102476119995117e-03
4.316627979278564453e-03
4.216462373733520508e-03
4.207581281661987305e-03
4.273235797882080078e-03
4.426181316375732422e-03
9.247303009033203125e-03
9.999519586563110352e-01
1.000000000000000000e+00
1.000000000000000000e+00
1.000000000000000000e+00
1.000000000000000000e+00
6.205618381500244141e-03
6.141215562820434570e-03
6.282716989517211914e-03
6.826400756835937500e-03
8.018076419830322266e-03
8.383065462112426758e-03
8.537352085113525391e-03
8.713036775588989258e-03
8.910000324249267578e-03
7.904365658760070801e-01
1.000000000000000000e+00
1.000000000000000000e+00
1.000000000000000000e+00
1.000000000000000000e+00
1.305058598518371582e-02
4.626125097274780273e-03
5.063384771347045898e-03
4.944652318954467773e-03
5.122989416122436523e-03
5.133062601089477539e-03
5.091339349746704102e-03
5.042135715484619141e-03
5.055785179138183594e-03
5.221962928771972656e-03
5.731642246246337891e-01
1.000000000000000000e+00
1.000000000000000000e+00
1.000000000000000000e+00
1.000000000000000000e+00
1.000000000000000000e+00
4.752308130264282227e-03
6.839901208877563477e-03
5.727320909500122070e-03
6.366610527038574219e-03
6.651848554611206055e-03
6.705045700073242188e-03
6.787747144699096680e-03
6.944715976715087891e-03
7.604777812957763672e-03
9.997475147247314453e-01
1.000000000000000000e+00
1.000000000000000000e+00
1.000000000000000000e+00
1.000000000000000000e+00
5.873113870620727539e-03
5.839318037033081055e-03
