1.000000000000000000e+00
1.000000000000000000e+00
8.678466081619262695e-03
8.428692817687988281e-03
6.044864654541015625e-03
3.909736871719360352e-03
2.646923065185546875e-03
1.934707164764404297e-03
7.375241518020629883e-01
1.000000000000000000e+00
1.000000000000000000e+00
1.000000000000000000e+00
9.437382221221923828e-03
2.697706222534179688e-03
1.809924840927124023e-03
2.147585153579711914e-03
4.819750785827636719e-03
9.972155094146728516e-03
1.161816716194152832e-02
7.082581520080566406e-02
9.999914169311523438e-01
1.000000000000000000e+00
1.000000000000000000e+00
1.000000000000000000e+00
1.000000000000000000e+00
1.000000000000000000e+00
4.515826702117919922e-03
3.899872303009033203e-03
6.281405687332153320e-03
6.937503814697265625e-03
8.247733116149902344e-03
8.442938327789306641e-03
8.509427309036254883e-03
8.343845605850219727e-03
9.537518024444580078e-03
9.999751448631286621e-01
1.000000000000000000e+00
1.000000000000000000e+00
1.000000000000000000e+00
1.000000000000000000e+00
1.000000000000000000e+00
5.608886480331420898e-03
