1.884317398071289062e-02
1.223227381706237793e-02
1.397463679313659668e-02
1.311728358268737793e-02
1.274871826171875000e-02
1.190590858459472656e-02
1.154971122741699219e-02
1.091510057449340820e-02
9.732604026794433594e-03
8.905082941055297852e-03
8.030384778976440430e-03
7.433027029037475586e-03
8.116811513900756836e-03
1.734542846679687500e-02
9.908732771873474121e-01
1.000000000000000000e+00
1.000000000000000000e+00
1.000000000000000000e+00
1.000000000000000000e+00
1.000000000000000000e+00
9.973750114440917969e-01
9.690761566162109375e-03
1.228159666061401367e-02
1.015052199363708496e-02
8.955389261245727539e-03
1.006934046745300293e-02
8.433818817138671875e-03
9.369343519210815430e-03
1.029717922210693359e-02
9.626716375350952148e-03
9.807407855987548828e-03
1.065731048583984375e-02
9.913057088851928711e-03
1.087501645088195801e-02
9.686321020126342773e-03
1.104688644409179688e-02
