5.675196647644042969e-03
8.928507566452026367e-03
7.118970155715942383e-03
6.189346313476562500e-03
5.806595087051391602e-03
5.632817745208740234e-03
5.936503410339355469e-03
6.399869918823242188e-03
6.326109170913696289e-03
7.822006940841674805e-03
2.481016516685485840e-02
9.993435144424438477e-01
1.000000000000000000e+00
1.000000000000000000e+00
1.000000000000000000e+00
1.000000000000000000e+00
1.000000000000000000e+00
9.898432493209838867e-01
1.026529073715209961e-02
9.197324514389038086e-03
1.248139142990112305e-02
8.800476789474487305e-03
9.263873100280761719e-03
1.093822717666625977e-02
8.402705192565917969e-03
9.599953889846801758e-03
1.051765680313110352e-02
8.851408958435058594e-03
9.787768125534057617e-03
1.087740063667297363e-02
1.076912879943847656e-02
9.442389011383056641e-03
1.031410694122314453e-02
1.010257005691528320e-02
1.102048158645629883e-02
9.506791830062866211e-03
1.070472598075866699e-02
9.120076894760131836e-03
1.101109385490417480e-02
8.515775203704833984e-03
1.074165105819702148e-02
8.211821317672729492e-03
1.417639851570129395e-02
7.850617170333862305e-03
7.389702796936035156e-01
1.816654205322265625e-02
2.522271871566772461e-02
1.000000000000000000e+00
1.000000000000000000e+00
9.999766349792480469e-01
9.999833106994628906e-01
1.109573245048522949e-02
8.121371269226074219e-03
1.138669252395629883e-02
9.854674339294433594e-03
1.119965314865112305e-02
1.002371311187744141e-02
1.158708333969116211e-02
1.104354858398437500e-02
1.181778311729431152e-02
1.171293854713439941e-02
1.201486587524414062e-02
1.210385560989379883e-02
1.223015785217285156e-02
1.231750845909118652e-02
1.239621639251708984e-02
1.245003938674926758e-02
1.247414946556091309e-02
1.247632503509521484e-02
1.250916719436645508e-02
1.249042153358459473e-02
1.240700483322143555e-02
1.228675246238708496e-02
1.206287741661071777e-02
1.166495680809020996e-02
1.109474897384643555e-02
1.054692268371582031e-02
7.695913314819335938e-03
7.760494947433471680e-03
7.611095905303955078e-03
7.463544607162475586e-03
7.511436939239501953e-03
7.624775171279907227e-03
1.417446136474609375e-02
4.551371932029724121e-02
9.999954700469970703e-01
9.999274015426635742e-01
9.999967217445373535e-01
9.999849200248718262e-01
1.012358069419860840e-02
8.952975273132324219e-03
1.066532731056213379e-02
1.012060046195983887e-02
1.056107878684997559e-02
9.611189365386962891e-03
1.217168569564819336e-02
9.783446788787841797e-03
1.206046342849731445e-02
1.110342144966125488e-02
1.250025629997253418e-02
9.334146976470947266e-03
1.308757066726684570e-02
9.091198444366455078e-03
1.318448781967163086e-02
