1.000000000000000000e+00
1.000000000000000000e+00
1.000000000000000000e+00
1.461002230644226074e-02
1.761716604232788086e-02
1.598665118217468262e-02
1.461550593376159668e-02
1.060014963150024414e-02
6.697416305541992188e-03
5.462110042572021484e-03
5.350291728973388672e-03
5.316525697708129883e-03
5.249798297882080078e-03
4.983544349670410156e-03
4.767239093780517578e-03
4.810065031051635742e-03
5.078941583633422852e-03
1.081413030624389648e-02
9.768980741500854492e-01
2.169938981533050537e-01
8.138182759284973145e-02
1.262271404266357422e-02
1.312816143035888672e-02
9.996510744094848633e-01
2.885848283767700195e-02
6.370340585708618164e-01
8.244033455848693848e-01
9.999428391456604004e-01
7.169761657714843750e-01
2.104803919792175293e-02
9.990572929382324219e-03
1.240962743759155273e-02
1.194819808006286621e-02
1.246714591979980469e-02
1.147601008415222168e-02
1.143610477447509766e-02
1.186573505401611328e-02
1.095619797706604004e-02
1.296725869178771973e-02
1.019701361656188965e-02
1.337730884552001953e-02
9.573429822921752930e-03
