2.261251211166381836e-03
2.348303794860839844e-03
9.986124038696289062e-01
1.000000000000000000e+00
1.000000000000000000e+00
9.999997615814208984e-01
1.572036743164062500e-02
1.300305128097534180e-02
7.592499256134033203e-03
4.270136356353759766e-03
2.519607543945312500e-03
1.926392316818237305e-03
1.793056726455688477e-03
2.046525478363037109e-03
5.434483289718627930e-03
1.000000000000000000e+00
1.000000000000000000e+00
1.000000000000000000e+00
1.280963420867919922e-02
2.366811037063598633e-03
1.585811376571655273e-03
2.472579479217529297e-03
3.533810377120971680e-03
3.813922405242919922e-03
4.810094833374023438e-03
4.994720220565795898e-03
2.041551470756530762e-02
9.999974966049194336e-01
1.000000000000000000e+00
1.000000000000000000e+00
1.000000000000000000e+00
1.000000000000000000e+00
4.045456647872924805e-03
5.128473043441772461e-03
4.876673221588134766e-03
5.315214395523071289e-03
5.604386329650878906e-03
