1.953482627868652344e-03
1.801341772079467773e-03
3.629654645919799805e-03
1.000000000000000000e+00
1.000000000000000000e+00
1.000000000000000000e+00
1.329457759857177734e-02
1.006916165351867676e-02
6.026446819305419922e-03
3.115296363830566406e-03
1.732915639877319336e-03
1.318931579589843750e-03
1.232117414474487305e-03
1.388639211654663086e-03
2.545386552810668945e-03
1.000000000000000000e+00
1.000000000000000000e+00
1.000000000000000000e+00
9.999997615814208984e-01
2.182245254516601562e-03
1.012116670608520508e-03
1.431465148925781250e-03
2.362698316574096680e-03
2.320349216461181641e-03
3.192454576492309570e-03
3.239572048187255859e-03
4.051625728607177734e-03
9.816625714302062988e-01
1.000000000000000000e+00
1.000000000000000000e+00
1.000000000000000000e+00
1.000000000000000000e+00
3.738224506378173828e-03
2.706021070480346680e-03
3.584802150726318359e-03
3.274470567703247070e-03
3.982990980148315430e-03
4.042118787765502930e-03
4.296600818634033203e-03
4.462361335754394531e-03
4.852592945098876953e-03
9.828581809997558594e-01
1.000000000000000000e+00
1.000000000000000000e+00
1.000000000000000000e+00
1.000000000000000000e+00
5.142271518707275391e-03
4.873245954513549805e-03
5.009889602661132812e-03
5.323320627212524414e-03
6.020873785018920898e-03
6.387382745742797852e-03
6.687194108963012695e-03
6.894290447235107422e-03
7.209897041320800781e-03
9.865484237670898438e-01
1.000000000000000000e+00
1.000000000000000000e+00
1.000000000000000000e+00
1.000000000000000000e+00
6.085485219955444336e-03
5.848556756973266602e-03
