1.065030694007873535e-02
1.231113076210021973e-02
1.280522346496582031e-02
1.185977458953857422e-02
9.617567062377929688e-03
9.820945858955383301e-01
1.000000000000000000e+00
1.000000000000000000e+00
1.000000000000000000e+00
1.000000000000000000e+00
1.000000000000000000e+00
4.092335700988769531e-03
2.122223377227783203e-03
1.678109169006347656e-03
2.164483070373535156e-03
5.552500486373901367e-03
8.071959018707275391e-03
9.085208177566528320e-03
8.622897863388061523e-01
1.000000000000000000e+00
1.000000000000000000e+00
1.000000000000000000e+00
1.000000000000000000e+00
1.000000000000000000e+00
6.791859865188598633e-03
2.492606639862060547e-03
3.259927034378051758e-03
3.930419683456420898e-03
4.698187112808227539e-03
5.326956510543823242e-03
5.984395742416381836e-03
6.740152835845947266e-03
1.958349347114562988e-02
9.999997615814208984e-01
1.000000000000000000e+00
1.000000000000000000e+00
1.000000000000000000e+00
1.000000000000000000e+00
1.000000000000000000e+00
3.414332866668701172e-03
4.719197750091552734e-03
4.607886075973510742e-03
5.707859992980957031e-03
6.329566240310668945e-03
6.731301546096801758e-03
7.139176130294799805e-03
7.615506649017333984e-03
1.110995113849639893e-01
1.000000000000000000e+00
1.000000000000000000e+00
1.000000000000000000e+00
1.000000000000000000e+00
1.000000000000000000e+00
8.222639560699462891e-03
6.253808736801147461e-03
6.629556417465209961e-03
7.340490818023681641e-03
8.197486400604248047e-03
8.423000574111938477e-03
8.596032857894897461e-03
8.829832077026367188e-03
9.206920862197875977e-03
9.586797952651977539e-01
1.000000000000000000e+00
1.000000000000000000e+00
1.000000000000000000e+00
1.000000000000000000e+00
1.000000000000000000e+00
5.855590105056762695e-03
6.826996803283691406e-03
6.115823984146118164e-03
6.720960140228271484e-03
7.098853588104248047e-03
7.277101278305053711e-03
7.497578859329223633e-03
7.775783538818359375e-03
8.289486169815063477e-03
9.969756603240966797e-01
1.000000000000000000e+00
1.000000000000000000e+00
1.000000000000000000e+00
1.000000000000000000e+00
1.000000000000000000e+00
5.393505096435546875e-03
7.062852382659912109e-03
6.287217140197753906e-03
7.028162479400634766e-03
7.500946521759033203e-03
7.790356874465942383e-03
8.134424686431884766e-03
8.554250001907348633e-03
1.238253712654113770e-02
9.999938607215881348e-01
1.000000000000000000e+00
1.000000000000000000e+00
1.000000000000000000e+00
1.000000000000000000e+00
1.054728329181671143e-01
5.869209766387939453e-03
6.760209798812866211e-03
6.687521934509277344e-03
7.378429174423217773e-03
7.640004158020019531e-03
7.845669984817504883e-03
