6.787210702896118164e-03
8.131057024002075195e-03
9.288251399993896484e-03
9.146690368652343750e-03
8.668750524520874023e-03
7.929056882858276367e-03
7.210642099380493164e-03
6.779938936233520508e-03
6.426453590393066406e-03
8.761227130889892578e-03
2.068697810173034668e-01
9.999949932098388672e-01
1.000000000000000000e+00
1.000000000000000000e+00
1.000000000000000000e+00
1.000000000000000000e+00
9.999817609786987305e-01
1.840597391128540039e-02
8.929610252380371094e-03
1.260244846343994141e-02
1.098376512527465820e-02
1.021167635917663574e-02
1.171353459358215332e-02
9.192049503326416016e-03
1.004728674888610840e-02
1.112279295921325684e-02
9.008556604385375977e-03
1.026594638824462891e-02
1.141136884689331055e-02
1.047763228416442871e-02
1.021137833595275879e-02
1.033946871757507324e-02
1.029706001281738281e-02
1.120048761367797852e-02
9.606182575225830078e-03
1.069343090057373047e-02
9.394258260726928711e-03
1.100477576255798340e-02
8.678555488586425781e-03
1.060795783996582031e-02
8.310943841934204102e-03
1.100084185600280762e-02
7.815718650817871094e-03
7.052484154701232910e-02
1.018318533897399902e-02
8.322793245315551758e-01
7.887575030326843262e-02
9.999997615814208984e-01
9.999946355819702148e-01
9.999944567680358887e-01
9.821853637695312500e-01
8.807271718978881836e-03
9.310781955718994141e-03
1.274111866950988770e-02
1.091161370277404785e-02
1.175588369369506836e-02
1.105856895446777344e-02
1.234430074691772461e-02
1.191785931587219238e-02
1.258006691932678223e-02
1.249641180038452148e-02
1.274180412292480469e-02
