1.010707541042566362e+02
1.013377690546959684e+02
1.017796294003725137e+02
1.021745295307040209e+02
9.877772443056106511e+01
9.866955559432506107e+01
9.866925191462040345e+01
9.846573215007782665e+01
8.045904279157520023e+01
8.081401000067592122e+01
8.125595124706626393e+01
8.136816306576133684e+01
6.188131131231784110e+01
6.265256122015416196e+01
6.379991800114512301e+01
6.473404018431901363e+01
1.318497326271235863e+02
1.343335258698463406e+02
1.371090324622392700e+02
1.393414913396537145e+02
