1.016551469233632190e+02
1.022966231912374582e+02
1.030673705834150411e+02
1.040212216979265207e+02
1.051160557460785014e+02
1.059876452732086278e+02
1.065160427957773237e+02
1.069165547335147863e+02
1.073425694090127962e+02
1.077592218935489683e+02
1.084883473819494384e+02
1.087011807578802234e+02
1.077820714706182628e+02
1.071446015077829372e+02
1.067900141942501193e+02
1.065295884931087613e+02
1.058838247305154852e+02
1.030439482605457329e+02
1.002855468243360519e+02
1.004134794630855367e+02
1.006126242791861358e+02
1.011606443385034879e+02
1.015249374742806054e+02
1.014721836338937351e+02
1.022151326078176510e+02
1.024216426174342729e+02
1.023855989921093084e+02
1.032784824824333185e+02
1.032338258033990854e+02
1.036099215358495798e+02
1.042974743610620578e+02
1.041997408622503372e+02
1.049580744427442625e+02
1.048410114210844171e+02
1.053818512630462720e+02
1.052450777518749305e+02
1.056532090228796079e+02
1.056380740207433746e+02
1.059400762724876444e+02
1.060087643027305688e+02
1.062570807063579679e+02
1.064921844345331294e+02
1.066405618792772430e+02
1.069296721673011916e+02
1.071401134872436529e+02
1.072624782949686164e+02
1.076673085027933183e+02
1.078065330290794464e+02
1.077154560804367094e+02
1.073052307885885313e+02
1.057112701565027351e+02
1.025391957773268246e+02
1.003171639798581651e+02
1.004408132542669847e+02
1.007589306226372798e+02
1.010837415526062273e+02
1.012804116241633920e+02
1.015793862275779276e+02
1.017904613581299884e+02
1.020712195351719913e+02
1.023008191697299480e+02
1.025625210767984470e+02
1.028131770563125684e+02
1.030795692914724384e+02
1.033545961230993271e+02
1.036365198767185234e+02
1.039176240336895063e+02
1.041878803592920377e+02
1.044384151810407673e+02
1.046623503661155752e+02
1.048577486860752117e+02
1.050279468387365398e+02
1.051794458776712418e+02
1.053190682160854408e+02
1.054527577114105270e+02
1.055888418543338787e+02
1.057363608282804535e+02
1.058958336031437000e+02
1.060328267532587176e+02
1.062196397173404705e+02
1.064663085049390929e+02
1.066990596991777522e+02
1.070564167958498132e+02
1.072166281795501845e+02
1.075772247886657738e+02
1.078521272230148327e+02
1.078326713591814183e+02
1.074047291737795007e+02
1.059572165328264362e+02
1.028916973307728853e+02
1.003853085009008623e+02
1.003354419569671165e+02
1.006830396174639475e+02
1.009729883722961006e+02
1.012308412526547983e+02
1.015516558390855835e+02
1.019849739953875627e+02
1.018874170500040037e+02
1.025171455499529856e+02
1.023517643903195875e+02
1.030172650444507667e+02
1.028689575731754360e+02
1.036178732430934986e+02
9.919505345284939324e+01
9.901724223732948360e+01
9.862189700126647551e+01
9.803370015621185019e+01
9.730927859425544568e+01
9.667437543570994762e+01
9.627962743639945131e+01
9.602752079367637350e+01
9.578031576633452460e+01
9.544443945199250834e+01
9.479301967918873117e+01
9.444401001431047860e+01
9.457736594215035097e+01
9.497629188060760441e+01
9.529760112941264083e+01
9.556177922785282419e+01
9.616409567952155157e+01
9.770947108328341812e+01
9.932332925975322269e+01
9.960549044549465236e+01
9.929402791738510814e+01
9.904989530384540330e+01
9.914309985399246727e+01
9.878201718688011113e+01
9.858897699654102098e+01
9.869238968372344800e+01
9.820685644924640201e+01
9.803580604374408836e+01
9.794961724460124231e+01
9.760316744029522340e+01
9.743837096214294036e+01
9.703141391396522408e+01
9.705363314568995747e+01
9.666366641461848985e+01
9.673640632688999119e+01
9.637694890856742802e+01
9.660259942531585864e+01
9.617278091907500936e+01
9.643974837183952786e+01
9.596969867825508516e+01
9.625724624216556435e+01
9.572837978839874040e+01
9.598031022191047157e+01
9.552893420577048289e+01
9.560731206297873541e+01
9.556600487470626604e+01
9.534087248802184433e+01
9.523346894338726543e+01
9.514069601207971516e+01
9.542786810040473711e+01
9.624640937566756804e+01
9.801057738363742544e+01
9.925541298091411591e+01
9.927049049079418808e+01
9.910358775019645350e+01
9.885421197533607085e+01
9.872834423601626952e+01
9.853894857704639776e+01
9.839908795177936440e+01
9.824620659053326222e+01
9.809406455814838921e+01
9.795183523118495827e+01
9.779485306918620324e+01
9.764076823651789994e+01
9.747501610457896959e+01
9.730709509968757231e+01
9.713887866318225406e+01
9.697773796379566136e+01
9.682976684093475228e+01
9.670044465124607314e+01
9.659227244079113461e+01
9.650401337087154729e+01
9.643179383814334926e+01
9.637115687429904654e+01
9.631885160684585401e+01
9.627258994042873042e+01
9.622606358528136639e+01
9.617725063443184297e+01
9.618510581612586918e+01
9.628879818856715644e+01
9.615757368922233184e+01
9.596093695640563226e+01
9.582584897637366339e+01
9.562905890405177445e+01
9.518916048109531403e+01
9.523792131900786728e+01
9.522196520000696296e+01
9.538544891953468152e+01
9.606012624621391183e+01
9.769197163403033812e+01
9.915023820161819401e+01
9.925825857222079662e+01
9.907664986073970681e+01
9.889052719414233650e+01
9.872182449519634417e+01
9.866561675608157600e+01
9.876349197506904432e+01
9.835569099724293096e+01
9.854082051873207604e+01
9.809391496777534769e+01
9.826041617631912573e+01
9.774803015768527814e+01
9.797131759643554005e+01
8.323061219409109412e+01
8.383958524748683772e+01
8.485166232272983677e+01
8.628217720001936186e+01
8.806850160986185472e+01
8.971118773639203425e+01
9.096749825835227909e+01
9.204501576483249892e+01
9.305042411983014006e+01
9.376353870809079183e+01
9.336113878071309102e+01
9.252190033435822158e+01
9.138311757445336525e+01
9.068163831293583144e+01
8.991834690511227279e+01
8.908870799481869085e+01
8.845088995575905244e+01
8.461912202402949390e+01
7.969309883281589180e+01
8.028673358872532617e+01
8.070380295395851533e+01
8.043986088514327548e+01
8.125840774774552244e+01
8.145536688238382794e+01
8.119192894279957784e+01
8.226426210954785745e+01
8.221934431552887190e+01
8.222416245386004618e+01
8.309048474624754022e+01
8.348937564507127718e+01
8.460392105206848612e+01
8.438716415420175565e+01
8.562218410015107395e+01
8.568640426158906109e+01
8.686582935392857507e+01
8.640701152324676571e+01
8.784118871569634734e+01
8.726549120306970053e+01
8.875907734513283742e+01
8.798675738632680066e+01
8.968247586011887051e+01
8.884479136049748149e+01
9.055446403503418651e+01
8.956123308122158733e+01
9.146757759094238338e+01
9.120549182593822479e+01
9.139624902665615025e+01
9.191971585988999038e+01
9.151455737590789852e+01
9.074515859603882006e+01
8.862361655592918908e+01
8.352793520703912122e+01
8.052660393849015463e+01
8.017854336008429073e+01
8.096852832034231540e+01
8.069700323238969020e+01
8.121798796698452350e+01
8.108500596374274494e+01
8.147941240116954020e+01
8.151020192831755651e+01
8.180347323596478759e+01
8.197039783269167401e+01
8.224546477481723628e+01
8.252234676286579429e+01
8.285668201640248753e+01
8.322248348668217943e+01
8.361697153642774083e+01
8.402219506934285675e+01
8.442468142747880222e+01
8.481176594495774168e+01
8.517823657602072274e+01
8.552618151187897411e+01
8.586236042082310860e+01
8.619450147747994606e+01
8.653170490711927698e+01
8.689572716861964352e+01
8.729924617856741520e+01
8.773166799545288086e+01
8.825628764033318419e+01
8.990574668586255314e+01
9.029121461689473449e+01
9.072591977179051526e+01
9.131982375800609475e+01
9.067157982051372755e+01
9.169978662192822583e+01
9.209135590195656107e+01
9.183708203196526654e+01
9.102651570975781681e+01
8.888912823140621811e+01
8.427176614239812125e+01
8.033789216533303090e+01
8.026004696279764516e+01
8.058371509477495920e+01
8.077532967656850360e+01
8.085844053000212739e+01
8.092581164970994223e+01
8.156553056314588446e+01
8.113300996825100242e+01
8.214634555965662344e+01
8.166641483291984116e+01
8.277638693854213159e+01
8.199509203389287393e+01
8.363945076122880096e+01
6.577401291728018862e+01
6.710297609716653255e+01
6.899585873335600184e+01
7.166191324889659597e+01
7.508094032853841782e+01
7.826778988242149637e+01
8.073465990722179697e+01
8.287466334104537680e+01
8.491512956321238903e+01
8.654292062819004627e+01
8.702822215855120191e+01
8.629736667275429340e+01
8.336290949881076529e+01
8.126365043669939325e+01
7.981158914119005487e+01
7.851807932704686266e+01
7.695004451572894766e+01
6.892964281663297754e+01
6.035903217792510844e+01
6.121216739565133480e+01
6.176897196397185041e+01
6.248986116796731238e+01
6.346977560929953910e+01
6.362743327841162255e+01
6.466557921580970003e+01
6.567272563353181170e+01
6.582336391434073164e+01
6.722941249310970591e+01
6.791871817260980038e+01
6.900124038308858587e+01
7.089540109634398846e+01
7.082170642167329788e+01
7.275643021911382391e+01
7.303370301723479940e+01
7.470122971832752512e+01
7.437226278185843853e+01
7.596949524432420731e+01
7.572785321474074749e+01
7.733897489160298733e+01
7.691457561105490015e+01
7.872951885461806398e+01
7.839459921270608334e+01
8.020949842929839235e+01
7.972796638458966356e+01
8.186911063492297558e+01
8.192968656718730358e+01
8.267758826017379192e+01
8.333173322379589365e+01
8.276780211329459291e+01
8.144361326992510897e+01
7.693592480719088655e+01
6.788370507657528208e+01
6.157301957085728361e+01
6.123449554443359233e+01
6.247771425619720986e+01
6.251789339929818823e+01
6.325772747360169745e+01
6.351321501433849193e+01
6.416908253319560629e+01
6.462318027168511492e+01
6.524937523081898405e+01
6.583131855204700855e+01
6.650003579556941702e+01
6.720202124267815691e+01
6.797215267121791271e+01
6.878488019406795217e+01
6.962448877245186907e+01
7.045808119475840670e+01
7.125623320043087006e+01
7.199272802323102383e+01
7.265639446675777435e+01
7.325291718989610956e+01
7.379873379170894054e+01
7.431208568215369326e+01
7.480985849946736721e+01
7.532358979880810068e+01
7.588276340663432507e+01
7.648825597763061523e+01
7.715533839613199518e+01
7.886529414802789972e+01
7.957249290645121675e+01
8.041839086711406992e+01
8.155363408029079153e+01
8.119417587667703629e+01
8.279032320380210308e+01
8.350085635781287863e+01
8.319650567770004557e+01
8.179545092284679697e+01
7.762886789143085764e+01
6.886165805160999298e+01
6.135536900311708308e+01
6.100334358811377911e+01
6.178603176772593741e+01
6.229927294328808074e+01
6.272105585634707836e+01
6.338270612359046652e+01
6.450592738389968872e+01
6.400357511416076761e+01
6.577148007154464437e+01
6.518426516801117998e+01
6.706756287366151525e+01
6.645072299838065533e+01
6.868077065199612719e+01
1.376951700702309438e+02
1.422605089178681226e+02
1.481390570980310315e+02
1.544587815642356929e+02
1.618713455986976442e+02
1.681140923076868035e+02
1.724074727994203613e+02
1.761217489850521076e+02
1.800727176171541259e+02
1.842570894598960933e+02
1.891888467693328835e+02
1.807510953980684292e+02
1.658422183245420456e+02
1.653933279973268498e+02
1.685133549338578973e+02
1.687834337264299336e+02
1.650970979726314454e+02
1.495479012635350102e+02
1.257678738284110977e+02
1.273115254569053576e+02
1.334990599930286237e+02
1.328896612827479657e+02
1.344256154367327554e+02
1.408431284022331056e+02
1.386344411815702813e+02
1.410516123381256932e+02
1.474094341072440102e+02
1.437413352383672986e+02
1.497893498486280350e+02
1.530941342461109116e+02
1.497133148851990541e+02
1.573806772238015981e+02
1.546986186647415025e+02
1.625530849063396488e+02
1.566309784483909482e+02
1.642278601741790567e+02
1.594011716598272130e+02
1.668319349277019512e+02
1.614405641412734838e+02
1.684808421027660188e+02
1.650600488877296357e+02
1.711419423258304562e+02
1.687827529871463810e+02
1.722865722978114889e+02
1.756631656533479600e+02
1.724244611603021440e+02
1.766878349053859552e+02
1.801904734647274040e+02
1.783343082869052694e+02
1.758078257632255372e+02
1.696922688639163823e+02
1.456218007001280625e+02
1.312060650193691060e+02
1.289270026101171993e+02
1.359798757544159855e+02
1.346635985769331398e+02
1.392455884279310681e+02
1.388382337394356796e+02
1.421536328503489415e+02
1.427162111561000302e+02
1.449906710448861134e+02
1.461622534731030498e+02
1.478890480658411946e+02
1.493677252382040024e+02
1.509917553082108554e+02
1.525748265606164864e+02
1.541266289877891609e+02
1.555667058330774353e+02
1.568565139997005531e+02
1.579629864263534387e+02
1.588918220454454229e+02
1.596854074198007538e+02
1.604117682838439976e+02
1.611429545652866295e+02
1.619579259967803750e+02
1.630052463966607945e+02
1.642917171335220132e+02
1.655426388216018552e+02
1.658555800920724721e+02
1.660666996335983185e+02
1.683030486649274735e+02
1.706534004414081380e+02
1.752616258639097282e+02
1.743464411759376560e+02
1.788727971571683781e+02
1.819743356966972385e+02
1.818142414802312885e+02
1.794450519007444314e+02
1.713571884727477936e+02
1.507596382731199185e+02
1.302098768748342934e+02
1.306190855236351354e+02
1.338120223483443283e+02
1.359506762561202038e+02
1.371698833250999314e+02
1.353257952453195969e+02
1.341580728498101109e+02
1.403931416630744877e+02
1.372582529228925523e+02
1.448498348222672973e+02
1.409766376411914734e+02
1.467403577551245633e+02
1.441379803316295067e+02
