1.009693359839916269e+02
1.007010262004286147e+02
1.011067522144317650e+02
1.015792036810517374e+02
1.022297434568405237e+02
1.030335711303353321e+02
1.039865660417080022e+02
1.051314499092102182e+02
1.057870812267065048e+02
1.063490595352649706e+02
1.066660438841581424e+02
1.069549909007549360e+02
1.072974196761846599e+02
1.076916190999746448e+02
1.080699040949344720e+02
1.087323908686637992e+02
1.086662328976392899e+02
1.076995345246791942e+02
1.072696518713235889e+02
1.072429712468385787e+02
1.065231405675411338e+02
1.039971223169565206e+02
1.003818297504633676e+02
1.001801768228411760e+02
1.007447211492061712e+02
1.009824842741340376e+02
1.012861836254596710e+02
1.015815970328450248e+02
1.021336796027422054e+02
1.024858847407996763e+02
1.023699547386169542e+02
1.026937031894922256e+02
1.035133552333712572e+02
1.038415369570255393e+02
1.037180584049224876e+02
1.040926542431116104e+02
1.048434553092718176e+02
1.050845508396625547e+02
1.050419188559055357e+02
1.054474131637811780e+02
1.054720166128873871e+02
1.057142258876562124e+02
1.058261925083398864e+02
1.060649018138647079e+02
1.063470238256454508e+02
1.064241954910755226e+02
1.065952786785364168e+02
1.071203647714853417e+02
1.071052096843719568e+02
1.073265506678819747e+02
1.080320452088117662e+02
1.077425740391016120e+02
1.076669502127170688e+02
1.072895703375339593e+02
1.056388838988542602e+02
1.024211772614717546e+02
9.910192201077937568e+01
9.908112632453442359e+01
9.862575035929680212e+01
9.829075977742671455e+01
9.815135392189026220e+01
9.796025240778922694e+01
9.764517046749591600e+01
9.718802341222762209e+01
9.672647412598132632e+01
9.634571863770484867e+01
9.612895881295203537e+01
9.599087940037250632e+01
9.575987137377261149e+01
9.546364963024853978e+01
9.509826755210757199e+01
9.459274488225578637e+01
9.430467290848493178e+01
9.462948478400706165e+01
9.500314691424370039e+01
9.519720668107271422e+01
9.574367418557405074e+01
9.709510229647159463e+01
9.932384439051151048e+01
9.941768404364586331e+01
9.924196821808814661e+01
9.911856665790081422e+01
9.886276337087154786e+01
9.868694032013416972e+01
9.859345495998859121e+01
9.845487503826618081e+01
9.816133523643016190e+01
9.795543739736079658e+01
9.786665682315826587e+01
9.767057683646679322e+01
9.729361209571361258e+01
9.705599697351455291e+01
9.701088629066943270e+01
9.683575195550918124e+01
9.645847153782844430e+01
9.657696285963058358e+01
9.620992432117462556e+01
9.639627231061457735e+01
9.634574825584888913e+01
9.590843523442744356e+01
9.575106166303157806e+01
9.606091993749141977e+01
9.595314850926398265e+01
9.537363502919673408e+01
9.557252686500548577e+01
9.554455815166234345e+01
9.496374278545378900e+01
9.521350959479808296e+01
9.515553245276211669e+01
9.543556806802749293e+01
9.628918284952639794e+01
9.803997357904910359e+01
8.151664749458433334e+01
8.098169651314617568e+01
8.109197884798051348e+01
8.100568722218275752e+01
8.142668873518705652e+01
8.225307459652424313e+01
8.364711328461767437e+01
8.583283904671669973e+01
8.783193550497294666e+01
8.927833165764809564e+01
9.050970434606075798e+01
9.193986055076122454e+01
9.282388518750667572e+01
9.359522700309753418e+01
9.400998984158039207e+01
9.341869504034519878e+01
9.252153774678707521e+01
9.154869120121003334e+01
9.070296713531017474e+01
9.015282542109490294e+01
8.972705365300178926e+01
8.579664533853531339e+01
7.998516131445765609e+01
8.008848672613501662e+01
8.005641338601708412e+01
8.081685137420892318e+01
8.093921745181084759e+01
8.119524944990874360e+01
8.144215442016721340e+01
8.163332510322332780e+01
8.203501250386239008e+01
8.236271366968752261e+01
8.289738427817822242e+01
8.349073926344514973e+01
8.372064387574792477e+01
8.430967822656036503e+01
8.550363723814487571e+01
8.606311708807946559e+01
8.598636777937413456e+01
8.708988919913770133e+01
8.687309796988964194e+01
8.789076383262873549e+01
8.831455702900886706e+01
8.809924445837737039e+01
8.857964950025082373e+01
8.999536725103855872e+01
9.042257611870766709e+01
8.975482352435589917e+01
9.132323762238026177e+01
9.142599204897881293e+01
9.092342760622501885e+01
9.199465704917908226e+01
9.147492571115493831e+01
9.090071709632874786e+01
8.836400144577027049e+01
8.361267951145768507e+01
6.447343483194708824e+01
6.259653236754238037e+01
6.247915646322071126e+01
6.314427094087004377e+01
6.492182266078889086e+01
6.698692100197077082e+01
6.935351636335254000e+01
7.244543276131152254e+01
7.518234350681304079e+01
7.766940119266509157e+01
7.998978312611579611e+01
8.280439629554747683e+01
8.467781383097171499e+01
8.651931181252003000e+01
8.783216759562490950e+01
8.768336938321589002e+01
8.603404912948607830e+01
8.305192628502845764e+01
8.145868085324764252e+01
8.077756548523902325e+01
7.916042506247758581e+01
7.164238081276415926e+01
6.119282790124415783e+01
6.063350732102989582e+01
6.164118562340735963e+01
6.247510144971310808e+01
6.308627155758440352e+01
6.366144443713127998e+01
6.471290594339370728e+01
6.537634933851659014e+01
6.559270855635404018e+01
6.642111356556415558e+01
6.806784464493394182e+01
6.910752149075268846e+01
6.935372031182050989e+01
7.052203036993741136e+01
7.259570458233356760e+01
7.353178272843361185e+01
7.367399502396582989e+01
7.516009305268525509e+01
7.516567282378673553e+01
7.639629917442798046e+01
7.698739492595196054e+01
7.711869889199734018e+01
7.797329088449477297e+01
7.953543126136064245e+01
8.020164997428655340e+01
8.027059750556945517e+01
8.181409505009651184e+01
8.223484786152839376e+01
8.308184131681919382e+01
8.314052667915821360e+01
8.270610737800598145e+01
8.141159918755292324e+01
7.670558864474296001e+01
6.756380575373768238e+01
1.304809331005811543e+02
1.260471998316049564e+02
1.335037423346936691e+02
1.354947059391438984e+02
1.394602140779793160e+02
1.441273987515270676e+02
1.490253947058319852e+02
1.492605600070953358e+02
1.604544741314649627e+02
1.641810578423738320e+02
1.692237093883752834e+02
1.757229321527481147e+02
1.796471471285819916e+02
1.833922975516319127e+02
1.870139510250091348e+02
1.900985915672779072e+02
1.767511195617914268e+02
1.666269721609353951e+02
1.704188586491346200e+02
1.724167079615592968e+02
1.688192177206277904e+02
1.555564646226167724e+02
1.258926810505986111e+02
1.282193726187944378e+02
1.291529613643884602e+02
1.342509455680847168e+02
1.368977743631601243e+02
1.391157946398854222e+02
1.371903958672284887e+02
1.391642762289941118e+02
1.458966567161679109e+02
1.478742073470353944e+02
1.443490200519561597e+02
1.465669710499048222e+02
1.547120346504449913e+02
1.572197215408086777e+02
1.528492307585477761e+02
1.548330375641584453e+02
1.632360230380296571e+02
1.573477487200498501e+02
1.657054800921678464e+02
1.598465317815542051e+02
1.607880002349615154e+02
1.691135681819915817e+02
1.705584342992305551e+02
1.659749323636293354e+02
1.680031920468807130e+02
1.739085631620883987e+02
1.736899735611677045e+02
1.732358059984445617e+02
1.775014810037612847e+02
1.804428470116853589e+02
1.771598884409665970e+02
1.771775816380977631e+02
1.678243865364789826e+02
1.471593859174847410e+02
