1.016415585875511169e+02
1.020057331776618952e+02
1.023429412263631804e+02
1.028232713365554787e+02
1.034040147209167486e+02
1.041221710205078068e+02
1.045190968918800394e+02
1.029673072052001999e+02
9.977643108010292394e+01
1.008668706157803570e+02
9.695267281055450326e+01
9.602367527961730787e+01
9.516571273565291733e+01
9.394812947750091325e+01
9.262238232851028386e+01
9.099353346586227076e+01
8.907539040684699216e+01
9.068237863898276885e+01
9.843472725868224416e+01
9.819631729602812698e+01
8.086315577760338158e+01
8.112842118114232903e+01
8.145698774039745160e+01
8.191509222149848313e+01
8.233413199424744278e+01
8.239451701909304404e+01
8.251751223862171969e+01
8.173790699124336356e+01
8.016405852898955686e+01
8.070555484697223392e+01
6.813754518985749087e+01
6.937232326090335732e+01
7.068113442420960268e+01
7.265886847436428297e+01
7.533037176847457772e+01
7.829630729556083679e+01
8.039009507060050908e+01
7.578642485439777943e+01
6.395162422612310138e+01
6.447089916363358952e+01
1.312065205347537926e+02
1.328981413841247559e+02
1.349804099202156067e+02
1.377877560496330034e+02
1.407975226521491834e+02
1.421648159718513114e+02
1.417291561460494620e+02
1.343851134777069092e+02
1.239682907342910738e+02
1.281447409868240186e+02
