1.030282957959175150e+02
1.034284815812110878e+02
1.038528948736190785e+02
1.046637680649757414e+02
1.044880917429923954e+02
1.021638498246669826e+02
1.000538629797101038e+02
1.003672441673278826e+02
1.010839084881544068e+02
1.020479194939136534e+02
1.019574462199211098e+02
1.021652253097295784e+02
1.025227465498447401e+02
1.029013262546062464e+02
1.031391704273223837e+02
1.029934539937973028e+02
1.029835214734077482e+02
1.028091635036468574e+02
1.022585257840156601e+02
1.013530278778076195e+02
1.008501138243079112e+02
1.010599804112315212e+02
1.012256899172067648e+02
1.017406199300289131e+02
1.019763904511928558e+02
1.023933093154430338e+02
1.026941097402572609e+02
1.029916556620597845e+02
1.031933119893074036e+02
1.033803289413452120e+02
1.035909606945514696e+02
1.034670702791214012e+02
1.012327329322695704e+02
1.001545855510234873e+02
1.006185042926669126e+02
1.009956923592090590e+02
1.013608329558372532e+02
9.551137872457503875e+01
9.437924501895903973e+01
9.286174741983413128e+01
9.070655422568320603e+01
8.880719766139984017e+01
9.232132872581480854e+01
9.764365227699279615e+01
9.703865014553069557e+01
9.669167454719543287e+01
9.623546866178512005e+01
9.739181143283843767e+01
9.761585606336592491e+01
9.717644271850585369e+01
9.605709789037703672e+01
9.376982566356657856e+01
9.123764564514159758e+01
9.006974729418753611e+01
8.963054614543914056e+01
9.365547509908675750e+01
9.831317975044250090e+01
1.000745906257629372e+02
9.914579199790954078e+01
9.797906983375548862e+01
9.690695365667342287e+01
9.578839853286743278e+01
9.478196271419524521e+01
9.351716262102127075e+01
9.245366229534148772e+01
9.143426380515097662e+01
9.071692426443100032e+01
9.052216762065887679e+01
9.186294475317001229e+01
9.726916208028792710e+01
9.937717930316924253e+01
9.869714935302734204e+01
9.784987735748291016e+01
9.698990510463714543e+01
8.163183092355728832e+01
8.195766965419053918e+01
8.244841094076633681e+01
8.289817263662814639e+01
8.270483064055443378e+01
8.129989743351936227e+01
8.026306265681982666e+01
8.062338528648018610e+01
8.103504118695855141e+01
8.140010799437762046e+01
8.108922808095812229e+01
8.106831042826175349e+01
8.121675285696983337e+01
8.145256597071886517e+01
8.181812721222638629e+01
8.211481796681880496e+01
8.196699299633503699e+01
8.184810441076756149e+01
8.125927063897252367e+01
8.076632019907236781e+01
8.055635423116386562e+01
8.061336042106151467e+01
8.067843573026358683e+01
8.082443287029862233e+01
8.105215530738234975e+01
8.128884413480759008e+01
8.157354639947413943e+01
8.178456058323384070e+01
8.196620429128408603e+01
8.204446374475955395e+01
8.203791757941246487e+01
8.188077342242002032e+01
8.066687141820789009e+01
8.005662374153733651e+01
8.031346506521106221e+01
8.045823023237288396e+01
8.062961488761007445e+01
7.041020352602005516e+01
7.211377816021442300e+01
7.515868587791919708e+01
7.953747857451439529e+01
8.205506791234016362e+01
7.241911331355572656e+01
6.450081720650196360e+01
6.485349041461944353e+01
6.518016024470330194e+01
6.640798458516597691e+01
6.718820893943309613e+01
6.833806260287761347e+01
6.945911723792553971e+01
7.124270155191422305e+01
7.394864159524441050e+01
7.709012864649295693e+01
7.691114783763885043e+01
7.598251727163791713e+01
7.077251238584518944e+01
6.686053237348795619e+01
6.549774334073066484e+01
6.579370047390460741e+01
6.716290940612555005e+01
6.867668328702450253e+01
7.016421646714211136e+01
7.158683926463127989e+01
7.311853652536869674e+01
7.418423287332058180e+01
7.484262884259224791e+01
7.528407352387905860e+01
7.562181106567382471e+01
7.539234491944313277e+01
6.858820309996605147e+01
6.428064552426339162e+01
6.525663271307945479e+01
6.661450527727603799e+01
6.800104341208934500e+01
1.359951476883888120e+02
1.381655406093597378e+02
1.413236832833289895e+02
1.449030325055122148e+02
1.428685637927055154e+02
1.306503376531600793e+02
1.224277541330456671e+02
1.254594453901052447e+02
1.294637268781661987e+02
1.329283076286315861e+02
1.320949547648429814e+02
1.316563756918907018e+02
1.321742872226238035e+02
1.337051112151145844e+02
1.360248705554008382e+02
1.378930685639381295e+02
1.384597050023078850e+02
1.364618750166893051e+02
1.349076835799217235e+02
1.305210806822776703e+02
1.271416066563129306e+02
1.272643165576457847e+02
1.287971471440791902e+02
1.311903372561931462e+02
1.323967974615096921e+02
1.345695895934104840e+02
1.363734149909019493e+02
1.380926754546165398e+02
1.389088008236884946e+02
1.393594629693031095e+02
1.400219000244140375e+02
1.388157205557823204e+02
1.305336858630180359e+02
1.253412562817335072e+02
1.265125855541229214e+02
1.277814930969476563e+02
1.293529270493984029e+02
