1.006983248382806835e+02
1.009694310662150372e+02
1.014074937760829869e+02
1.019110519665479586e+02
1.024671344935893984e+02
1.030146704888343834e+02
1.036274741494655558e+02
1.043180198502540605e+02
1.047399944138526990e+02
1.036761936616897657e+02
9.965696408331393741e+01
1.003139926204085270e+02
1.009051450830697974e+02
1.012407979726791325e+02
1.014764830332994450e+02
1.016063020551204659e+02
1.015891876661777502e+02
1.019980266100168222e+02
1.024203753221034958e+02
1.027218696165084850e+02
1.030438091921806318e+02
1.031662230658531172e+02
1.028723244154453340e+02
1.017538989388942667e+02
1.003378230622410712e+02
1.006031603056192409e+02
1.010336371588706896e+02
1.013568780583143223e+02
1.016606049895286503e+02
1.019440825462341280e+02
1.022581543409824434e+02
1.026130689549446089e+02
1.029461250853538559e+02
1.032935694611072535e+02
1.036540713167190546e+02
1.039959131729602859e+02
1.039715637612342789e+02
9.794192123651504289e+01
9.735526840686797811e+01
9.643447612047194184e+01
9.550051684379576500e+01
9.456502049922941922e+01
9.365571437358855178e+01
9.262649135112762622e+01
9.140421023845672721e+01
8.979014371514320203e+01
8.966549154639243113e+01
9.849219646453856569e+01
9.943767144203185637e+01
9.934429530620573701e+01
9.896058368682861328e+01
9.786003716945647568e+01
9.611024538516997495e+01
9.521659450769423927e+01
9.418404625892638649e+01
9.263676440000533319e+01
9.170004854321479115e+01
9.082789938449859335e+01
9.070949198484420606e+01
9.218292565822601148e+01
9.578259292602538721e+01
9.948998984575270299e+01
9.890280431032179820e+01
9.807155878305434271e+01
9.723300012111663193e+01
9.643332011938095150e+01
9.562903679132460866e+01
9.470391196250915300e+01
9.364976992845534198e+01
9.266581212759017205e+01
9.175432693004607643e+01
9.096358870506286110e+01
9.030893514513968512e+01
9.032410544395446550e+01
8.034215696021914255e+01
8.045820382677018756e+01
8.072014069586992946e+01
8.109781293198466301e+01
8.157034933030605828e+01
8.206129285782576233e+01
8.253761131763458536e+01
8.288332628130912383e+01
8.284336915016174885e+01
8.219613544881343614e+01
8.007421056553721428e+01
8.023885754987597352e+01
8.039932734102011125e+01
8.050501589566469818e+01
8.064246307469903741e+01
8.082368416324257510e+01
8.096688979819417398e+01
8.111256942167878492e+01
8.142009616985917830e+01
8.165369787931442147e+01
8.183580130457877999e+01
8.184645687431097372e+01
8.156033632576465209e+01
8.094280286714435135e+01
8.018547780156136184e+01
8.030734944105148543e+01
8.044326985679566633e+01
8.061157596506178891e+01
8.080162249863147395e+01
8.100907071396709114e+01
8.125855924606322844e+01
8.155166126281022798e+01
8.183238502562046790e+01
8.207931965976953848e+01
8.225544745385646195e+01
8.234404664874077184e+01
8.221566312789917674e+01
6.528149067521096072e+01
6.634623309016228632e+01
6.797440639972687393e+01
6.958268753707409360e+01
7.123175917446613425e+01
7.325784439802170311e+01
7.601006643891334136e+01
7.908240031063556330e+01
8.140562986135482504e+01
7.887646219074726162e+01
6.493551704764367116e+01
6.356218281939626280e+01
6.491346169888973350e+01
6.647843752741813717e+01
6.785525471359491689e+01
6.910134014010429837e+01
6.997877978324891046e+01
7.112986125826836314e+01
7.279754851520061720e+01
7.426179157197475433e+01
7.538715167105198134e+01
7.560735352635383322e+01
7.372005046784877891e+01
6.973070265948773283e+01
6.479640297889709188e+01
6.487740778952837672e+01
6.626067852973937988e+01
6.750484854698181891e+01
6.865694662213326183e+01
6.976689873039723011e+01
7.102059299111365931e+01
7.248151701092720600e+01
7.391811573922633727e+01
7.531763177275658450e+01
7.654932406783103715e+01
7.763995961308479821e+01
7.755382712244987431e+01
1.271314307284355039e+02
1.283784257888793832e+02
1.305628721189498833e+02
1.332200438046455417e+02
1.360499545335769653e+02
1.387665533065795671e+02
1.413499958729743753e+02
1.435403511404990979e+02
1.441461456847190732e+02
1.389221145796775829e+02
1.248976047837734171e+02
1.267264960306882813e+02
1.277346240556239962e+02
1.282176392912864742e+02
1.291042409634590058e+02
1.300270120871066979e+02
1.317933700144290867e+02
1.339511795091628983e+02
1.350230280280113107e+02
1.364379782128334000e+02
1.374024858689307962e+02
1.379051101994514283e+02
1.366619273567199571e+02
1.322375151324272053e+02
1.264666498845815568e+02
1.266457707667350689e+02
1.282122555696964241e+02
1.296200153732299611e+02
1.310829539203643606e+02
1.325901121211051930e+02
1.343021770238876229e+02
1.362406027126312154e+02
1.380980809307098411e+02
1.398513219285011075e+02
1.413304934787749971e+02
1.423484032607078404e+02
1.415192106866836355e+02
