1.084386357676983010e+02
1.089238201379776143e+02
1.087276112920045961e+02
1.057846328032016885e+02
1.015109708023071278e+02
1.005665477218478969e+02
1.005864580892771585e+02
1.009453157281130586e+02
1.014510744848847423e+02
1.019624473977088996e+02
1.024913998487591726e+02
1.030753002619743341e+02
1.039458006650209541e+02
1.048720278090238622e+02
1.055980135619640379e+02
1.060738085293769899e+02
1.063792900174856300e+02
1.069156761777401101e+02
1.074218124186992753e+02
1.067774448859691745e+02
1.063834450161457141e+02
1.065934554809332013e+02
1.066923746412992529e+02
1.068685782021284183e+02
1.068847874265909326e+02
1.068786705791950311e+02
1.071696131354570412e+02
1.070124164420366384e+02
1.071989216524362689e+02
1.065482714092731555e+02
1.050475186771154483e+02
1.021096702802181255e+02
1.005953392126411217e+02
1.008908532068878401e+02
1.008921888578683195e+02
1.014870314532518449e+02
1.013700474756956140e+02
1.020608569827675893e+02
1.018534151273965875e+02
1.026120392921567088e+02
1.023895801909267931e+02
1.031952147024869930e+02
9.472580917447804438e+01
9.460904657751321167e+01
9.437944883383809724e+01
9.577279744416475182e+01
9.826348034203051895e+01
9.912693022191524506e+01
9.922888899564743781e+01
9.940587090313434260e+01
9.964117843449115242e+01
9.958045898973941235e+01
9.922618849575519562e+01
9.872903895020485265e+01
9.813828182280063572e+01
9.755095552623271260e+01
9.704401662170886311e+01
9.663065680563450144e+01
9.628905762851238137e+01
9.577178649067877814e+01
9.542251996338367803e+01
9.553698734164237294e+01
9.557047758936882076e+01
9.578765881657599834e+01
9.576145463228225196e+01
9.530524504750967196e+01
9.563064741134643043e+01
9.549759727209806215e+01
9.547635150253772451e+01
9.525869404181837297e+01
9.549278863519430161e+01
9.567494884401558863e+01
9.647716433584689355e+01
9.823401441276072887e+01
9.912041910409926970e+01
9.916301449418068614e+01
9.899763277649879001e+01
9.896558182060718423e+01
9.870727898716926063e+01
9.874439539551734413e+01
9.837759567677974815e+01
9.852959486722946281e+01
9.804947313010693222e+01
9.825084876596928041e+01
9.324981475949287812e+01
9.373642053067685254e+01
9.303094678282738528e+01
8.853053032815456902e+01
8.162758092105389096e+01
8.008865597382187218e+01
8.005200993463397197e+01
8.054846610188484135e+01
8.144081128016115656e+01
8.224372742623091881e+01
8.301571641847492344e+01
8.425158712014557238e+01
8.567490385115146978e+01
8.745525339603425152e+01
8.911065478205681245e+01
9.030389674961567437e+01
9.085763542890549616e+01
9.108703410506248588e+01
9.089310034811497019e+01
8.996305961430073239e+01
8.906578788280488368e+01
8.970687161922455743e+01
9.047716662883759398e+01
8.941355754792691357e+01
9.029356240153313706e+01
8.980048064768314475e+01
9.085918094336986428e+01
8.949587456345558678e+01
9.063166266322136266e+01
8.912604126393794957e+01
8.741192116975784643e+01
8.248087264731526602e+01
8.066314978003501324e+01
8.017529031112789539e+01
8.078798862054944152e+01
8.074711861684917835e+01
8.105409326523543712e+01
8.125062355875969899e+01
8.123846964746714150e+01
8.198114235043526321e+01
8.167592914283277139e+01
8.290107610628010093e+01
8.601636064648627666e+01
8.738236216306685833e+01
8.602995721101760296e+01
7.713619831800460247e+01
6.394862395115196563e+01
6.127278347015380433e+01
6.132932187020778514e+01
6.205068695396184353e+01
6.345209554322063639e+01
6.444473021812736135e+01
6.527094456180930138e+01
6.701632324904203131e+01
6.998432185277341944e+01
7.364106802940368368e+01
7.702484633922576052e+01
7.967086599320172979e+01
8.153485269248484713e+01
8.300731919407844828e+01
8.316818856596945864e+01
8.048341740816830736e+01
7.870287088304758072e+01
7.906053045541047197e+01
7.993106539100408270e+01
7.933157084733247189e+01
8.030676436722278311e+01
7.964280268400906948e+01
8.116337124109267620e+01
7.957633620202541636e+01
8.101455878466367722e+01
7.872990344315766720e+01
7.465819464921951010e+01
6.570140467286110209e+01
6.170485509783028988e+01
6.178819103166460280e+01
6.247920825965702107e+01
6.319692493192851401e+01
6.341684127002954341e+01
6.439032939225434404e+01
6.432777127511799620e+01
6.579314393103122427e+01
6.555098652690648464e+01
6.743236646950244051e+01
1.760064630764722722e+02
1.888708150148391667e+02
1.827254983627796037e+02
1.616411954784393288e+02
1.299650788114964826e+02
1.201735870112478608e+02
1.208899536587297803e+02
1.252372300265729308e+02
1.304730142351984910e+02
1.352181043991446359e+02
1.422570163638889653e+02
1.500422625651955570e+02
1.569154732507467145e+02
1.639056957900524196e+02
1.702118958342075246e+02
1.752209200644493023e+02
1.792951808220147996e+02
1.819736368846893129e+02
1.730813805931806542e+02
1.626248757916688987e+02
1.676269600957631951e+02
1.686741660350561176e+02
1.729740948772430329e+02
1.721374542492628166e+02
1.685153429335355781e+02
1.716731780093908242e+02
1.733571402454376198e+02
1.713405495178699312e+02
1.734291239064931744e+02
1.689788902401924133e+02
1.644934087371826195e+02
1.391727523367106869e+02
1.325184655974805423e+02
1.286533393938839254e+02
1.354259783805906636e+02
1.318491362272202991e+02
1.389254993949830350e+02
1.345808917661011037e+02
1.412321136724948758e+02
1.373306040626764286e+02
1.444365281832218102e+02
1.407356423802673646e+02
