1.067648749297857336e+02
1.069388153672218351e+02
1.071526782602071819e+02
1.052082632845640262e+02
1.033354350548982694e+02
1.024358626192808259e+02
1.011272149187326477e+02
1.009119878670573343e+02
1.013268970079720077e+02
1.017911332330107683e+02
1.021922409170866075e+02
1.026808360080421068e+02
9.529847355246543827e+01
9.541528751254081442e+01
9.520486475214362088e+01
9.591377662301063367e+01
9.729582070946693761e+01
9.765864559829235247e+01
9.869119333565235763e+01
9.937348889887333314e+01
9.968301649987697033e+01
9.970334129512309573e+01
9.940856203019619386e+01
9.893787160992621921e+01
8.933306310713291509e+01
9.078136555492878301e+01
9.095117579460143986e+01
8.749484289944172133e+01
8.435380971148610740e+01
8.255254211619497084e+01
8.039689937755466076e+01
8.007410007044673250e+01
8.087750016853213708e+01
8.210743937119842428e+01
8.310552911892534667e+01
8.444150832161308529e+01
7.939956014454364208e+01
8.118814936131238369e+01
8.147060180306434063e+01
7.432936756312847137e+01
6.860251659601927088e+01
6.534415817707777308e+01
6.178864295557141162e+01
6.138853749856352238e+01
6.268831014931201651e+01
6.386454506218432670e+01
6.489852883219718649e+01
6.732123074084519487e+01
1.648627007621526559e+02
1.654694081425666639e+02
1.685496991825103805e+02
1.602860062193870476e+02
1.440631984104215917e+02
1.414785970173776093e+02
1.295346512782573711e+02
1.287232461977004903e+02
1.326510937911272094e+02
1.381388313558697689e+02
1.445729170095920608e+02
1.542112454831600132e+02
