1.007443362141400627e+02
1.009418752849102106e+02
1.015724967564642469e+02
1.022942291915416746e+02
1.031545296657085515e+02
1.040958905160427150e+02
1.051057728856802100e+02
1.059880806636810320e+02
1.065419796282053113e+02
1.068272906160354694e+02
1.070520648348331463e+02
1.073479295063018810e+02
1.077219785147905498e+02
1.081457624620199311e+02
1.089874389791488767e+02
1.084492004656791835e+02
1.075898504644632396e+02
1.072022609418630736e+02
1.069043560254573890e+02
1.061577488321065914e+02
1.031847663030028457e+02
1.002147186101973091e+02
1.004123138055205402e+02
1.006164686895907039e+02
1.012178679771721477e+02
1.014830760085582853e+02
1.015186189672350991e+02
1.023009625181555862e+02
1.023073194134235422e+02
1.025153884384036189e+02
1.032841720381379247e+02
1.030935445481538864e+02
1.039036507207155324e+02
1.038113213765621197e+02
1.046449515926837961e+02
1.045272665846347877e+02
1.051494395697116886e+02
9.953584206759930453e+01
9.948212450206280266e+01
9.933343092143535102e+01
9.911466493606567951e+01
9.872494302332401617e+01
9.812492928862572228e+01
9.735956982791424252e+01
9.663307162165641273e+01
9.617685135185718082e+01
9.599602545917034035e+01
9.591621843278407766e+01
9.575643379449843451e+01
9.545186254620551836e+01
9.502408094346522205e+01
9.447393502481281757e+01
9.433281515978276843e+01
9.468237950876354603e+01
9.503884999349712359e+01
9.526547097310422885e+01
9.596281902074814241e+01
9.756819366097450086e+01
9.929313224971294005e+01
9.956263036668300970e+01
9.925983058333396514e+01
9.899724249184131963e+01
9.906816295027732622e+01
9.867698787391185533e+01
9.849884823441504977e+01
9.844896190702915817e+01
9.814130024909972860e+01
9.797233173668384154e+01
9.770039593398570332e+01
9.770170363128184476e+01
9.727255059599876574e+01
9.715205086410045965e+01
9.678403830111027162e+01
9.682627939820289953e+01
8.023452067732810633e+01
8.067490014702082135e+01
8.132480825304985217e+01
8.219983144253492924e+01
8.337974891915918363e+01
8.484631024107338249e+01
8.656645609498025351e+01
8.824558106780052924e+01
8.976593243658543031e+01
9.101594646275043488e+01
9.202309186518192519e+01
9.289013632118702901e+01
9.364101301968098312e+01
9.392120286643505267e+01
9.329770884335042069e+01
9.211396642923355671e+01
9.127973193228245918e+01
9.060379040002823103e+01
8.952445393264294182e+01
8.886488304853439502e+01
8.484655357226729677e+01
7.943931463673710880e+01
8.015142036423087291e+01
8.067858233824372860e+01
8.036356812357902868e+01
8.123999167203903937e+01
8.139198482826353143e+01
8.110778272718191317e+01
8.189849677756429003e+01
8.218371255785227447e+01
8.256493574485183728e+01
8.268665765732527007e+01
8.362885200127959706e+01
8.397073955640198051e+01
8.499377135381102732e+01
8.499169912368060409e+01
8.621972239434720109e+01
6.185183007568120672e+01
6.276506275609135344e+01
6.392051111161708121e+01
6.524734092578292177e+01
6.694451007992029190e+01
6.912093158811330795e+01
7.196262652426958084e+01
7.512016188502310854e+01
7.832980964034796045e+01
8.082886856049299240e+01
8.266899264156818106e+01
8.451482339501380636e+01
8.641334148347377209e+01
8.779029276669024284e+01
8.813859013319014934e+01
8.539338418841362000e+01
8.267658340930938721e+01
8.125065471082925228e+01
7.957420089393853857e+01
7.785215844362973314e+01
6.939246145635843277e+01
6.012688314020633129e+01
6.117095361873506931e+01
6.181858388558029560e+01
6.257027772516011765e+01
6.348451460897921805e+01
6.372721522822975970e+01
6.475951820388435465e+01
6.535575442798435120e+01
6.601197998970746994e+01
6.746734071820974066e+01
6.740528858751058294e+01
6.927614996880292608e+01
6.972937655597924334e+01
7.181206593811511141e+01
7.190050835311411959e+01
7.373811383247375772e+01
1.265208753941953148e+02
1.287700274446606556e+02
1.335129850271344196e+02
1.379243035997450306e+02
1.435176807564496926e+02
1.502669276136159908e+02
1.577890605515241589e+02
1.644700407046079533e+02
1.693152959311008487e+02
1.728611704713106008e+02
1.762555172663927010e+02
1.799062858986854394e+02
1.837402276164293085e+02
1.880107340633869057e+02
1.894709740447997888e+02
1.734894145148992379e+02
1.661519968682527519e+02
1.702345831274986097e+02
1.702907049608230636e+02
1.657567825323343129e+02
1.511734976363181886e+02
1.243751580633223028e+02
1.265608281634747954e+02
1.334600003175437450e+02
1.325174490067362854e+02
1.346485048399865434e+02
1.408506210525333699e+02
1.380611412321030969e+02
1.426457049402594635e+02
1.470273676782846337e+02
1.422960956181585743e+02
1.494355943423509530e+02
1.478586738404631546e+02
1.559212324422597931e+02
1.510716518104076442e+02
1.596031885725259656e+02
1.556353038704395146e+02
