1.013654554668068926e+02
1.013807770648598705e+02
1.018896758000552722e+02
1.026455983734130939e+02
1.037095132189989215e+02
1.049138246464729320e+02
1.059057976955175491e+02
1.064993482923507742e+02
1.068677164918184417e+02
1.071847753494977979e+02
1.075495114076137639e+02
1.079264092433452618e+02
1.086027015233039918e+02
1.088777769476175337e+02
1.078887071496248353e+02
1.072470478492975303e+02
1.068843487966060763e+02
1.066392071151733489e+02
1.051073077666759588e+02
1.013706974838674171e+02
1.001743993143737299e+02
1.003688052096962906e+02
1.009810930655151680e+02
1.013632917964458500e+02
1.013322386400401598e+02
1.020644923636317287e+02
1.021776261806488151e+02
1.022749788747727990e+02
1.031218446049094268e+02
1.029894133362174102e+02
1.036074400693178177e+02
1.036861560103297251e+02
1.045069068968296051e+02
1.043968334472179436e+02
1.050897554403543523e+02
1.050261502051353517e+02
1.054961049795150814e+02
1.054199414503574417e+02
1.057598589557409383e+02
1.058533143544197088e+02
1.060818846338987385e+02
1.062501837843656602e+02
1.064309628325700885e+02
1.068127361345291177e+02
1.068485826355218933e+02
1.072026568102836706e+02
1.073007136124372494e+02
1.079312950760126171e+02
1.078234212553501266e+02
1.076794644492864705e+02
1.073964995163679248e+02
1.059243899053335269e+02
1.028313018044829477e+02
1.004054403699934568e+02
1.003716785762459125e+02
1.007578065928071851e+02
1.010163099672645330e+02
1.012998516143858438e+02
1.015234570170939037e+02
1.018032172623276779e+02
1.020388794824481096e+02
1.023025093853473777e+02
9.916410511672496852e+01
9.903476118206977219e+01
9.861513731598853383e+01
9.824731595873832646e+01
9.775149810492992231e+01
9.718165963530540807e+01
9.668372014760970501e+01
9.632299214839935075e+01
9.604406233966349760e+01
9.579947270691394579e+01
9.551669422656297570e+01
9.516839488163590488e+01
9.455660971552133276e+01
9.432244927801191636e+01
9.451968563765287001e+01
9.493046933129429021e+01
9.517642880320548215e+01
9.565628735125063997e+01
9.656341986954211620e+01
9.864017889440059150e+01
9.962638735830783787e+01
9.940099703133105891e+01
9.910301525771618003e+01
9.919102163612842560e+01
9.884666722178458542e+01
9.864230315268039817e+01
9.868010790169239499e+01
9.828147767603397256e+01
9.807000487744808481e+01
9.793881224572658084e+01
9.774955230534077089e+01
9.744289541482925188e+01
9.725428669869899068e+01
9.690230579972266867e+01
9.691003988444805373e+01
9.652226264655590171e+01
9.663923594474792367e+01
9.625341537892818167e+01
9.649507543981074775e+01
9.603645984947681313e+01
9.631588491857051793e+01
9.580985405385493436e+01
9.611081826210021006e+01
9.554059213221073321e+01
9.578893839538096699e+01
9.542812454104422670e+01
9.554304219007491383e+01
9.508052684620022887e+01
9.516578914105892295e+01
9.516045759394764048e+01
9.537146278202533267e+01
9.614471041679381358e+01
9.781367446243763197e+01
9.918826002538203568e+01
9.930953845202922992e+01
9.907355232775211107e+01
9.891031511366367113e+01
9.870913068354130360e+01
9.856118168056011086e+01
9.839551727831363337e+01
9.823993841648102432e+01
9.809113161206245479e+01
8.232579538866878011e+01
8.213706765443087932e+01
8.250992542818190145e+01
8.325221988365055381e+01
8.448299749478698573e+01
8.628624095141888972e+01
8.826864934682846808e+01
8.986999386489391384e+01
9.109454123377800272e+01
9.212564391732216507e+01
9.315908233940601235e+01
9.384162151992320844e+01
9.331502511024476121e+01
9.273110372602940288e+01
9.170459542453289714e+01
9.092787141203881163e+01
8.965397840440273569e+01
8.937987665593624342e+01
8.783047250628472113e+01
8.140864096894861746e+01
7.994006915315985395e+01
8.048868884280324210e+01
8.025406998977065598e+01
8.106380392655731271e+01
8.134241302400828033e+01
8.104357792451978071e+01
8.191607564941050157e+01
8.211146487623453538e+01
8.210322956085205703e+01
8.268230750992894684e+01
8.326576933547855219e+01
8.380234714254737582e+01
8.480939256235957657e+01
8.481366200089455276e+01
8.607876978874207907e+01
8.607033872425556353e+01
8.726949231475592228e+01
8.681214169889689458e+01
8.819218312144279537e+01
8.772867514222861018e+01
8.915074178934098370e+01
8.845143564403058178e+01
9.008302430212498280e+01
8.936557552754879907e+01
9.092661741316318569e+01
9.008669956684113345e+01
9.137153043210507519e+01
9.113909011602402188e+01
9.212897104978561913e+01
9.149554140448570649e+01
9.107102483987809194e+01
8.870645034909249205e+01
8.429062611684203432e+01
8.025253591910004047e+01
8.045592887505888768e+01
8.053701628506183852e+01
8.100311839163303773e+01
8.092632240429522028e+01
8.129216784283519814e+01
8.132928247526288601e+01
8.161003005638718832e+01
8.175798987761140779e+01
6.658316130638122843e+01
6.523205256015062048e+01
6.609551922455429462e+01
6.794556038081645966e+01
7.071190315634011370e+01
7.421439889818429947e+01
7.754565950632094484e+01
8.000760239511727434e+01
8.197891131043434143e+01
8.381042552888392549e+01
8.584047289788722424e+01
8.730154418349265200e+01
8.738279207348821842e+01
8.667595718502998636e+01
8.367002092897891430e+01
8.158959634602069855e+01
7.967210651785134701e+01
7.904514561891555502e+01
7.499676982462405306e+01
6.370422084778547145e+01
6.050378379374742366e+01
6.124133396893738990e+01
6.216420661360024980e+01
6.313154488019645072e+01
6.335276163257658055e+01
6.432885705791413500e+01
6.508890695758164213e+01
6.555394539833068279e+01
6.685432212501764582e+01
6.719060077592730806e+01
6.865997049808501629e+01
6.936674970537423235e+01
7.141498021334409430e+01
7.151268253624438387e+01
7.344524642229079348e+01
7.370524122416972546e+01
7.530401074588299082e+01
7.501979463547468185e+01
7.657297940850257589e+01
7.647581965327262310e+01
7.804165700078010559e+01
7.769397601187229441e+01
7.949783093333243755e+01
7.937994483411311819e+01
8.097826761156319719e+01
8.070517608076333715e+01
8.206080924570559887e+01
8.310634880065917685e+01
8.336453331708908365e+01
8.276801965832710550e+01
8.170013253092766092e+01
7.752888393551110369e+01
6.877530109062790586e+01
6.138169713169335751e+01
6.136191477775573588e+01
6.196518916636704688e+01
6.270985520072280650e+01
6.296465579122304490e+01
6.360586491860448888e+01
6.403569214195012194e+01
6.465325198769569681e+01
6.520611937940120129e+01
1.370418772307038182e+02
1.362477647352218639e+02
1.389728333660960118e+02
1.424674852873384907e+02
1.476059147420525619e+02
1.541278157633543060e+02
1.604833543449640274e+02
1.656610573357343696e+02
1.701787203365564380e+02
1.745293070250749565e+02
1.794514014512300548e+02
1.834116474151611271e+02
1.875758802187442598e+02
1.808195247566699777e+02
1.660024089288711480e+02
1.669562812954187336e+02
1.691205984717607294e+02
1.686219358617067314e+02
1.627095344567298696e+02
1.348903856644034249e+02
1.247072097337245822e+02
1.317482512678205921e+02
1.314914212882518711e+02
1.331437698112428052e+02
1.397982116746902364e+02
1.374330568309128182e+02
1.409901108571886823e+02
1.466279243248700936e+02
1.420477944584190766e+02
1.487452042239904415e+02
1.486779706773161820e+02
1.550109454625844876e+02
1.505077707624435277e+02
1.589579019498825119e+02
1.555196022891998098e+02
1.638769661825895128e+02
1.571909919333457992e+02
1.655032222098112129e+02
1.602160045337676877e+02
1.683919002020358846e+02
1.623709540146589347e+02
1.700380121290683633e+02
1.665299939221143575e+02
1.730600005602836404e+02
1.703846590304374615e+02
1.731827264070510921e+02
1.759581185388564961e+02
1.769682031023502304e+02
1.816943048572540249e+02
1.768797792863845757e+02
1.780463676184415647e+02
1.687594512212276356e+02
1.505611334931850251e+02
1.289270176707208009e+02
1.316341792438924188e+02
1.328784516754746505e+02
1.370769112068414586e+02
1.371909741944074597e+02
1.403316989184915826e+02
1.410697633776068756e+02
1.433487580141425042e+02
1.445759441909193868e+02
