1.026449825000762957e+02
1.030796103167533886e+02
1.029340657591819763e+02
1.007091363131999913e+02
1.011274715626239811e+02
1.019106184571981402e+02
1.021701754963397946e+02
1.025720147919654863e+02
1.030666355919837969e+02
1.037165367674827650e+02
1.037063314735889463e+02
1.031105600833892879e+02
1.016619679021835339e+02
1.006833401197195030e+02
1.011321254223585129e+02
1.013526145797967928e+02
1.014248296940326668e+02
1.013777870863676043e+02
1.017371082496643027e+02
9.262597538471221981e+01
9.161819155454635677e+01
9.164655739903449216e+01
9.799992511749266555e+01
9.783896919727324359e+01
9.665591039419173569e+01
9.670738986015318517e+01
9.594480922222136599e+01
9.442167931795120239e+01
9.214892209291457448e+01
9.002925722360610905e+01
8.959225582480429750e+01
9.411558027267454918e+01
9.935900724172591936e+01
9.971765805721281595e+01
9.927246766090392782e+01
9.752342225551605281e+01
9.565946600914000442e+01
9.488919904708862418e+01
8.165526351511478254e+01
8.193961687952280215e+01
8.183656351745128177e+01
8.043220235966145992e+01
8.056413163349031947e+01
8.106677907645702419e+01
8.123282157525420644e+01
8.151679305404424269e+01
8.189950962603091966e+01
8.221178037881851708e+01
8.225182287365198874e+01
8.207556694746017456e+01
8.111775833904742683e+01
8.044681314237415393e+01
8.063258967354893514e+01
8.067609186507760910e+01
8.072012502565979730e+01
8.090366127952933084e+01
8.097741662979126431e+01
7.519153622031211626e+01
7.693243377327918608e+01
7.654223455846309321e+01
6.574752698332071077e+01
6.651625482022762981e+01
6.806833862721920525e+01
6.835007670432329974e+01
7.054881509721279542e+01
7.398404156148434652e+01
7.765829903304576476e+01
7.886631127595902058e+01
7.781798880994320200e+01
7.085934233844280072e+01
6.460853910416365409e+01
6.545075575768947829e+01
6.637056186318397977e+01
6.787420629858971211e+01
6.914113841056824583e+01
6.974418653726577588e+01
1.359927028965950058e+02
1.382395038485526868e+02
1.378577869033813386e+02
1.276353271794319113e+02
1.290776538527011894e+02
1.325552375805377778e+02
1.333050521159171922e+02
1.349328794384002492e+02
1.371273701333999497e+02
1.394015548253059080e+02
1.386144375324249154e+02
1.375994925785064709e+02
1.334068062150478227e+02
1.292153671097755421e+02
1.284166230708360672e+02
1.278721042287349690e+02
1.283288420963287138e+02
1.300169024586677438e+02
1.324972680449485551e+02
