1.032711994874477455e+02
1.034339644241333076e+02
1.001170692476630251e+02
1.007829287075996376e+02
1.014384675735235248e+02
1.019632054966688202e+02
1.024369596010446486e+02
1.029526691031455954e+02
1.035253177666664186e+02
1.041538719487190292e+02
1.041370917630195692e+02
1.032772138726711262e+02
1.009302730292081804e+02
1.004920210966467806e+02
1.013175772687792744e+02
1.014708349984884279e+02
1.014833485227823218e+02
1.013365806221961947e+02
1.016582397854328121e+02
1.021284557914733853e+02
1.025366455852985439e+02
1.029725312793254801e+02
1.033467049121856718e+02
1.036621055626869179e+02
1.039566016411781391e+02
1.038963416135311064e+02
1.023198036992549902e+02
1.003409704610705404e+02
1.003834825459122584e+02
1.007430246812105139e+02
1.011238224610686274e+02
1.014048147392272909e+02
1.016801160931587162e+02
1.019745835256576498e+02
1.023160736727714522e+02
1.027147329449653625e+02
1.030982314848899790e+02
1.034964145970344589e+02
1.038620399475097713e+02
1.041050763654708931e+02
1.032264649510383663e+02
1.005087225854396848e+02
9.092399714469908645e+01
9.048070814371108384e+01
9.845720232248305592e+01
9.779560241699218182e+01
9.687340697765350228e+01
9.631493536710738113e+01
9.589937463760375636e+01
9.489086412191390707e+01
9.354528377532957961e+01
9.177469184875488395e+01
8.984447330474853288e+01
8.944821405172348250e+01
9.615475733518600521e+01
9.993497444629667825e+01
9.940323363780974830e+01
9.896234132051466759e+01
9.739813694477081185e+01
9.575958023309706846e+01
9.479741512060164155e+01
9.374529165744780812e+01
9.291483091115951254e+01
9.211447050333022446e+01
9.147561053752899340e+01
9.104780939102172965e+01
9.069224354267119281e+01
9.094652636528014966e+01
9.487313614606856049e+01
9.971336293220520020e+01
9.906945063114164896e+01
9.814034970998763185e+01
9.708142809391020478e+01
9.639300482749938226e+01
9.568797807693481161e+01
9.492400511741637104e+01
9.402010482311247586e+01
9.298046006679534514e+01
9.206199947595595745e+01
9.128490777492523023e+01
9.070012876987456707e+01
9.022304446101188091e+01
9.195570251703261988e+01
9.855237744808196965e+01
8.202365855395794370e+01
8.207812889695168224e+01
8.013404955714941025e+01
8.035653087168931563e+01
8.069665949203073296e+01
8.109924731895327454e+01
8.141706290200352214e+01
8.183430215895175763e+01
8.225089980304241521e+01
8.261089907228947027e+01
8.249596786409617266e+01
8.220770543158054977e+01
8.070744843170047034e+01
8.031850836217402900e+01
8.066351353459060647e+01
8.068936366729438703e+01
8.072705792486667065e+01
8.087057731032371066e+01
8.095094851940869773e+01
8.116447443872689860e+01
8.144197195634245645e+01
8.172524234473705462e+01
8.198059647023677599e+01
8.215996254354715234e+01
8.231587161093951011e+01
8.223764748036860794e+01
8.128935371965170020e+01
8.014943198949099212e+01
8.022325989022850479e+01
8.036388201832771472e+01
8.050827196620404891e+01
8.066593241766095446e+01
8.085699513405560879e+01
8.108003763258457752e+01
8.135053099915384678e+01
8.166426496863364548e+01
8.195243441879749469e+01
8.218965854406356186e+01
8.232579821288585720e+01
8.236912071645259914e+01
8.177002278387546141e+01
8.021679978117346366e+01
7.765682287395000571e+01
7.813162851870060877e+01
6.549678592622279893e+01
6.565261935353279910e+01
6.743459753215313413e+01
6.836960796028375853e+01
6.951950630307197798e+01
7.216866644382477602e+01
7.547974003672599963e+01
7.901642342627049231e+01
8.053826337933540458e+01
7.888119471967220875e+01
6.852272291064262788e+01
6.395410160869360539e+01
6.579157269269228436e+01
6.675742521375417482e+01
6.805400584191083624e+01
6.916997921705245744e+01
6.981296835601330031e+01
7.116762864947318690e+01
7.288069039106369473e+01
7.444509873390198607e+01
7.583857899427414395e+01
7.671931330382824399e+01
7.755588237226010051e+01
7.721270207405090957e+01
7.163017126500606935e+01
6.479522129729390656e+01
6.461372306853533587e+01
6.583811638355255980e+01
6.706577361166478113e+01
6.799717777848243827e+01
6.897136850953101828e+01
7.007273986279965072e+01
7.145222910583019882e+01
7.316808765828609751e+01
7.491355875134468079e+01
7.656137472510337716e+01
7.776225452005863303e+01
7.859732305884361381e+01
7.546407789587975401e+01
6.604470032304526228e+01
1.395471649670600698e+02
1.401413053131103368e+02
1.266332650351524336e+02
1.276053712284564909e+02
1.306314360976219007e+02
1.331676672482490460e+02
1.348345387244224582e+02
1.370389867663383257e+02
1.391348922681808347e+02
1.417617133140563794e+02
1.413718477535247473e+02
1.386557752323150510e+02
1.309233649563789186e+02
1.280655261069536266e+02
1.287091242802142972e+02
1.282190719807148014e+02
1.286081305527686993e+02
1.300678048884868474e+02
1.323587747335433846e+02
1.337397184860706147e+02
1.353357666230201630e+02
1.371852474713325307e+02
1.389959659385681050e+02
1.404738218593597026e+02
1.418224912524223100e+02
1.414775580644607373e+02
1.349177652382850567e+02
1.265519948726892352e+02
1.257222403073310772e+02
1.272942564517259569e+02
1.288514681386947416e+02
1.300961188924312637e+02
1.313583939015865383e+02
1.328510604953765721e+02
1.346120005154609487e+02
1.366647077894210724e+02
1.386563056278228601e+02
1.405671030974387747e+02
1.420921849370002406e+02
1.428816144227981226e+02
1.388354446387290864e+02
1.280046865308284794e+02
