24 
64 
73 
10 
111 
86 
80 
26 
50 
63 
55 
81 
52 
44 
33 
62 
72 
8 
48 
6 
31 
47 
36 
96 
13 
92 
99 
81 
1 
95 
86 
49 
63 
77 
21 
51 
73 
73 
51 
80 
25 
78 
98 
111 
111 
63 
6 
22 
104 
38 
8 
71 
25 
103 
85 
68 
54 
64 
78 
74 
59 
59 
112 
18 
96 
45 
38 
24 
34 
71 
72 
45 
17 
33 
36 
107 
19 
21 
40 
111 
42 
22 
5 
89 
19 
91 
4 
14 
48 
79 
76 
5 
85 
89 
84 
81 
29 
87 
14 
38 
83 
50 
68 
74 
7 
65 
111 
47 
11 
104 
91 
16 
104 
86 
92 
104 
10 
32 
71 
100 
57 
97 
82 
78 
91 
50 
6 
42 
73 
9 
16 
83 
34 
52 
72 
108 
88 
28 
102 
20 
13 
13 
98 
66 
12 
42 
70 
98 
86 
7 
66 
12 
56 
35 
6 
16 
16 
55 
92 
100 
16 
28 
80 
59 
112 
102 
47 
93 
89 
107 
108 
88 
75 
38 
110 
78 
65 
81 
95 
7 
63 
59 
8 
39 
65 
92 
24 
59 
105 
91 
56 
20 
52 
50 
81 
2 
70 
36 
81 
9 
