110 
61 
29 
112 
69 
87 
84 
15 
61 
104 
37 
57 
54 
110 
104 
76 
93 
26 
100 
49 
33 
34 
25 
47 
32 
36 
29 
41 
97 
76 
74 
45 
55 
77 
36 
36 
62 
62 
86 
73 
54 
99 
53 
36 
110 
7 
13 
70 
97 
23 
20 
33 
108 
9 
94 
35 
112 
42 
9 
59 
63 
93 
21 
81 
72 
63 
84 
38 
94 
77 
65 
61 
73 
91 
90 
35 
97 
61 
72 
91 
89 
109 
7 
30 
11 
83 
80 
64 
74 
85 
61 
12 
72 
56 
13 
54 
7 
65 
71 
66 
67 
52 
91 
4 
32 
13 
59 
17 
18 
91 
97 
91 
79 
76 
31 
53 
34 
47 
88 
60 
16 
39 
44 
13 
86 
88 
108 
48 
98 
87 
99 
55 
91 
58 
15 
2 
25 
34 
68 
14 
12 
107 
46 
78 
96 
16 
62 
47 
109 
101 
88 
39 
32 
36 
51 
46 
12 
65 
6 
2 
101 
38 
8 
52 
89 
34 
104 
41 
62 
43 
80 
51 
12 
18 
78 
105 
22 
14 
17 
2 
99 
23 
64 
23 
34 
67 
46 
103 
92 
72 
112 
12 
94 
68 
90 
8 
109 
77 
70 
105 
