45 
30 
34 
3 
68 
4 
58 
6 
5 
5 
51 
58 
20 
51 
80 
17 
35 
84 
70 
27 
42 
38 
16 
95 
63 
62 
87 
37 
27 
11 
54 
31 
15 
79 
110 
93 
60 
52 
56 
59 
87 
14 
57 
28 
67 
100 
33 
52 
70 
8 
21 
53 
55 
39 
31 
81 
101 
67 
12 
64 
30 
55 
95 
54 
92 
66 
82 
106 
22 
30 
27 
110 
109 
45 
51 
43 
109 
58 
39 
7 
96 
62 
93 
98 
10 
112 
11 
107 
14 
37 
37 
84 
28 
110 
75 
5 
51 
96 
38 
45 
45 
75 
60 
80 
26 
26 
79 
56 
37 
12 
44 
72 
20 
1 
31 
2 
60 
35 
108 
4 
13 
38 
28 
35 
9 
56 
27 
64 
53 
103 
37 
48 
6 
2 
3 
69 
93 
11 
73 
11 
81 
61 
82 
5 
29 
83 
5 
79 
73 
10 
2 
81 
102 
50 
106 
11 
13 
103 
86 
33 
53 
69 
62 
59 
66 
71 
59 
9 
27 
5 
44 
38 
101 
66 
110 
79 
38 
4 
79 
103 
108 
74 
98 
42 
20 
26 
83 
91 
66 
77 
25 
84 
32 
92 
6 
99 
15 
78 
56 
35 
