103 
8 
58 
24 
40 
75 
34 
14 
27 
86 
17 
112 
100 
39 
62 
42 
46 
96 
104 
6 
75 
63 
74 
79 
31 
84 
96 
60 
45 
59 
53 
45 
83 
100 
92 
93 
22 
79 
64 
58 
83 
55 
90 
109 
26 
2 
52 
45 
41 
70 
109 
47 
30 
38 
47 
74 
44 
18 
56 
59 
88 
6 
15 
69 
99 
27 
69 
85 
79 
53 
15 
31 
58 
76 
50 
47 
100 
82 
44 
30 
94 
22 
44 
22 
109 
93 
94 
94 
31 
17 
89 
94 
109 
107 
107 
75 
101 
89 
65 
44 
93 
78 
87 
102 
111 
108 
28 
46 
95 
49 
73 
87 
90 
72 
30 
90 
38 
82 
61 
20 
8 
41 
64 
104 
71 
4 
11 
41 
37 
80 
24 
17 
102 
112 
13 
37 
103 
18 
111 
107 
69 
15 
66 
3 
105 
79 
84 
46 
35 
54 
93 
34 
21 
84 
112 
55 
71 
40 
4 
30 
19 
27 
81 
26 
81 
83 
23 
50 
8 
7 
104 
67 
77 
26 
72 
109 
75 
34 
102 
99 
44 
49 
18 
22 
91 
50 
20 
68 
109 
10 
37 
23 
32 
96 
50 
57 
111 
19 
52 
22 
