104 
55 
29 
61 
55 
91 
14 
4 
62 
22 
55 
43 
60 
9 
20 
20 
74 
41 
100 
26 
45 
101 
50 
33 
45 
98 
24 
79 
17 
91 
94 
40 
87 
93 
19 
111 
18 
96 
92 
106 
100 
24 
51 
6 
11 
29 
2 
65 
69 
27 
18 
30 
20 
62 
46 
40 
35 
19 
10 
14 
7 
30 
87 
37 
97 
108 
86 
79 
103 
92 
84 
111 
72 
86 
91 
61 
97 
38 
11 
86 
26 
9 
69 
103 
40 
74 
38 
100 
80 
68 
109 
83 
101 
43 
2 
7 
13 
69 
85 
6 
47 
15 
36 
5 
82 
15 
82 
12 
15 
26 
96 
106 
53 
94 
11 
42 
101 
27 
11 
26 
94 
14 
28 
61 
92 
68 
80 
110 
36 
36 
66 
111 
10 
8 
72 
18 
42 
19 
63 
32 
52 
39 
84 
33 
43 
88 
11 
49 
68 
100 
27 
44 
98 
28 
96 
96 
108 
47 
17 
8 
32 
102 
66 
83 
22 
41 
63 
66 
29 
90 
32 
32 
46 
12 
85 
57 
52 
40 
10 
112 
32 
99 
6 
11 
100 
79 
50 
43 
23 
80 
110 
112 
38 
26 
25 
20 
111 
102 
54 
41 
