53 
4 
35 
59 
32 
92 
40 
65 
13 
98 
28 
108 
18 
99 
9 
40 
91 
4 
58 
83 
95 
40 
77 
94 
60 
39 
68 
108 
67 
35 
103 
103 
12 
102 
7 
101 
44 
29 
97 
67 
41 
87 
28 
80 
17 
87 
68 
13 
100 
44 
51 
99 
14 
79 
16 
84 
49 
19 
77 
89 
11 
88 
35 
23 
45 
76 
91 
31 
90 
16 
100 
14 
28 
91 
33 
5 
27 
25 
85 
80 
94 
89 
76 
108 
20 
91 
83 
88 
88 
14 
69 
112 
15 
36 
49 
95 
41 
32 
80 
8 
16 
8 
64 
87 
104 
27 
90 
90 
33 
89 
14 
111 
72 
107 
56 
103 
44 
24 
39 
1 
38 
84 
63 
83 
41 
96 
96 
41 
85 
64 
24 
49 
41 
16 
75 
36 
44 
102 
91 
25 
44 
79 
86 
65 
30 
106 
38 
67 
95 
9 
101 
46 
84 
53 
91 
12 
72 
107 
96 
105 
76 
9 
88 
13 
101 
46 
43 
64 
61 
110 
50 
4 
71 
83 
66 
28 
38 
108 
44 
103 
56 
25 
66 
29 
26 
67 
31 
80 
26 
55 
101 
72 
99 
7 
84 
104 
46 
34 
38 
47 
